# relative_time, cycles_done, cur_item, corpus_count, pending_total, pending_favs, map_size, saved_crashes, saved_hangs, max_depth, execs_per_sec, total_execs, edges_found, total_crashes, servers_count
64, 0, 0, 1, 1, 1, 30.19%, 0, 0, 1, 1.87, 115, 80, 0, 0
69, 0, 0, 1, 1, 1, 30.19%, 0, 0, 1, 1.82, 124, 80, 0, 0
74, 0, 0, 1, 1, 1, 30.19%, 0, 0, 1, 1.90, 134, 80, 0, 0
80, 0, 0, 1, 1, 1, 30.19%, 0, 0, 1, 1.92, 144, 80, 0, 0
85, 0, 0, 1, 1, 1, 30.19%, 0, 0, 1, 1.99, 154, 80, 0, 0
90, 0, 0, 1, 1, 1, 30.19%, 0, 0, 1, 2.03, 165, 80, 0, 0
96, 0, 0, 1, 1, 1, 30.19%, 0, 0, 1, 1.93, 175, 80, 0, 0
101, 0, 0, 1, 1, 1, 30.19%, 0, 0, 1, 1.98, 185, 80, 0, 0
106, 0, 0, 1, 1, 1, 30.19%, 0, 0, 1, 2.00, 195, 80, 0, 0
111, 0, 0, 1, 1, 1, 30.19%, 0, 0, 1, 1.89, 204, 80, 0, 0
117, 0, 0, 1, 1, 1, 30.19%, 0, 0, 1, 1.78, 213, 80, 0, 0
122, 0, 0, 1, 1, 1, 30.19%, 0, 0, 1, 1.89, 223, 80, 0, 0
127, 0, 0, 1, 1, 1, 30.19%, 0, 0, 1, 1.94, 233, 80, 0, 0
132, 0, 0, 1, 1, 1, 30.19%, 0, 0, 1, 1.98, 243, 80, 0, 0
137, 0, 0, 1, 1, 1, 30.19%, 0, 0, 1, 2.06, 254, 80, 0, 0
142, 0, 0, 1, 1, 1, 30.19%, 0, 0, 1, 2.25, 266, 80, 0, 0
147, 0, 0, 1, 1, 1, 30.19%, 0, 0, 1, 2.05, 275, 80, 0, 0
153, 0, 0, 1, 1, 1, 30.19%, 0, 0, 1, 1.82, 282, 80, 0, 0
158, 0, 0, 1, 1, 1, 30.19%, 0, 0, 1, 1.65, 289, 80, 0, 0
163, 0, 0, 1, 1, 1, 30.19%, 0, 0, 1, 1.58, 297, 80, 0, 0
168, 0, 0, 1, 1, 1, 30.19%, 0, 0, 1, 1.50, 304, 80, 0, 0
174, 0, 0, 1, 1, 1, 30.19%, 0, 0, 1, 1.49, 312, 80, 0, 0
179, 0, 0, 1, 1, 1, 30.19%, 0, 0, 1, 1.50, 320, 80, 0, 0
184, 0, 0, 1, 1, 1, 30.19%, 0, 0, 1, 1.55, 328, 80, 0, 0
189, 0, 0, 1, 1, 1, 30.19%, 0, 0, 1, 1.55, 336, 80, 0, 0
195, 0, 0, 1, 1, 1, 30.19%, 0, 0, 1, 1.51, 344, 80, 0, 0
200, 0, 0, 1, 1, 1, 30.19%, 0, 0, 1, 1.52, 352, 80, 0, 0
205, 0, 0, 1, 1, 1, 30.19%, 0, 0, 1, 1.55, 360, 80, 0, 0
210, 0, 0, 1, 1, 1, 30.19%, 0, 0, 1, 1.57, 368, 80, 0, 0
216, 0, 0, 1, 1, 1, 30.19%, 0, 0, 1, 1.52, 376, 80, 0, 0
221, 0, 0, 1, 1, 1, 30.19%, 0, 0, 1, 1.51, 384, 80, 0, 0
227, 0, 0, 1, 1, 1, 30.19%, 0, 0, 1, 1.50, 392, 80, 0, 0
232, 0, 0, 1, 1, 1, 30.19%, 0, 0, 1, 1.48, 400, 80, 0, 0
238, 0, 0, 1, 1, 1, 30.19%, 0, 0, 1, 1.46, 408, 80, 0, 0
243, 0, 0, 1, 1, 1, 30.19%, 0, 0, 1, 1.49, 416, 80, 0, 0
248, 0, 0, 1, 1, 1, 30.19%, 0, 0, 1, 1.50, 424, 80, 0, 0
254, 0, 0, 1, 1, 1, 30.19%, 0, 0, 1, 1.45, 432, 80, 0, 0
259, 0, 0, 1, 1, 1, 30.19%, 0, 0, 1, 1.50, 440, 80, 0, 0
265, 0, 0, 1, 1, 1, 30.19%, 0, 0, 1, 1.52, 448, 80, 0, 0
270, 0, 0, 1, 1, 1, 30.19%, 0, 0, 1, 1.50, 456, 80, 0, 0
275, 0, 0, 1, 1, 1, 30.19%, 0, 0, 1, 1.44, 463, 80, 0, 0
281, 0, 0, 1, 1, 1, 30.19%, 0, 0, 1, 1.45, 471, 80, 0, 0
287, 0, 0, 1, 1, 1, 30.19%, 0, 0, 1, 1.50, 480, 80, 0, 0
292, 0, 0, 1, 1, 1, 30.19%, 0, 0, 1, 1.49, 488, 80, 0, 0
297, 0, 0, 1, 1, 1, 30.19%, 0, 0, 1, 1.50, 496, 80, 0, 0
302, 0, 0, 1, 1, 1, 30.19%, 0, 0, 1, 1.55, 504, 80, 0, 0
308, 0, 0, 1, 1, 1, 30.19%, 0, 0, 1, 1.65, 513, 80, 0, 0
313, 0, 0, 1, 1, 1, 30.19%, 0, 0, 1, 1.66, 522, 80, 0, 0
319, 0, 0, 1, 1, 1, 30.19%, 0, 0, 1, 1.66, 531, 80, 0, 0
324, 0, 0, 1, 1, 1, 30.19%, 0, 0, 1, 1.66, 540, 80, 0, 0
330, 0, 0, 1, 1, 1, 30.19%, 0, 0, 1, 1.74, 550, 80, 0, 0
335, 0, 0, 1, 1, 1, 30.19%, 0, 0, 1, 1.69, 559, 80, 0, 0
340, 0, 0, 1, 1, 1, 30.19%, 0, 0, 1, 1.90, 569, 80, 0, 0
346, 0, 0, 1, 1, 1, 30.19%, 0, 0, 1, 1.95, 580, 80, 0, 0
351, 0, 0, 1, 1, 1, 30.19%, 0, 0, 1, 1.91, 590, 80, 0, 0
356, 0, 0, 1, 1, 1, 30.19%, 0, 0, 1, 1.88, 599, 80, 0, 0
362, 0, 0, 1, 1, 1, 30.19%, 0, 0, 1, 1.93, 609, 80, 0, 0
367, 0, 0, 1, 1, 1, 30.19%, 0, 0, 1, 1.96, 619, 80, 0, 0
372, 0, 0, 1, 1, 1, 30.19%, 0, 0, 1, 1.98, 629, 80, 0, 0
377, 0, 0, 1, 1, 1, 30.19%, 0, 0, 1, 1.95, 639, 80, 0, 0
383, 0, 0, 1, 1, 1, 30.19%, 0, 0, 1, 1.88, 649, 80, 0, 0
389, 0, 0, 1, 1, 1, 30.19%, 0, 0, 1, 1.96, 660, 80, 0, 0
394, 0, 0, 1, 1, 1, 30.19%, 0, 0, 1, 1.99, 670, 80, 0, 0
399, 0, 0, 1, 1, 1, 30.19%, 0, 0, 1, 1.99, 680, 80, 0, 0
404, 0, 0, 1, 1, 1, 30.19%, 0, 0, 1, 1.93, 690, 80, 0, 0
409, 0, 0, 1, 1, 1, 30.19%, 0, 0, 1, 1.98, 700, 80, 0, 0
414, 0, 0, 1, 1, 1, 30.19%, 0, 0, 1, 1.89, 709, 80, 0, 0
420, 0, 0, 1, 1, 1, 30.19%, 0, 0, 1, 1.80, 718, 80, 0, 0
425, 0, 0, 1, 1, 1, 30.19%, 0, 0, 1, 1.86, 727, 80, 0, 0
430, 0, 0, 1, 1, 1, 30.19%, 0, 0, 1, 1.85, 737, 80, 0, 0
436, 0, 0, 1, 1, 1, 30.19%, 0, 0, 1, 1.72, 745, 80, 0, 0
441, 0, 0, 1, 1, 1, 30.19%, 0, 0, 1, 1.77, 754, 80, 0, 0
446, 0, 0, 1, 1, 1, 30.19%, 0, 0, 1, 1.86, 764, 80, 0, 0
451, 0, 0, 1, 1, 1, 30.19%, 0, 0, 1, 1.87, 773, 80, 0, 0
456, 0, 0, 1, 1, 1, 30.19%, 0, 0, 1, 1.83, 782, 80, 0, 0
462, 0, 0, 1, 1, 1, 30.19%, 0, 0, 1, 1.87, 792, 80, 0, 0
467, 0, 0, 1, 1, 1, 30.19%, 0, 0, 1, 1.82, 801, 80, 0, 0
472, 0, 0, 1, 1, 1, 30.19%, 0, 0, 1, 2.01, 812, 80, 0, 0
477, 0, 0, 1, 1, 1, 30.19%, 0, 0, 1, 2.01, 822, 80, 0, 0
482, 0, 0, 1, 1, 1, 30.19%, 0, 0, 1, 1.98, 832, 80, 0, 0
488, 0, 0, 1, 1, 1, 30.19%, 0, 0, 1, 2.05, 843, 80, 0, 0
493, 0, 0, 1, 1, 1, 30.19%, 0, 0, 1, 1.87, 851, 80, 0, 0
498, 0, 0, 1, 1, 1, 30.19%, 0, 0, 1, 1.87, 861, 80, 0, 0
503, 0, 0, 1, 1, 1, 30.19%, 0, 0, 1, 1.95, 871, 80, 0, 0
508, 0, 0, 1, 1, 1, 30.19%, 0, 0, 1, 2.02, 881, 80, 0, 0
514, 0, 0, 1, 1, 1, 30.19%, 0, 0, 1, 1.97, 891, 80, 0, 0
519, 0, 0, 1, 1, 1, 30.19%, 0, 0, 1, 1.92, 901, 80, 0, 0
524, 0, 0, 1, 1, 1, 30.19%, 0, 0, 1, 1.87, 910, 80, 0, 0
530, 0, 0, 1, 1, 1, 30.19%, 0, 0, 1, 1.90, 920, 80, 0, 0
535, 0, 0, 1, 1, 1, 30.19%, 0, 0, 1, 1.93, 930, 80, 0, 0
540, 0, 0, 1, 1, 1, 30.19%, 0, 0, 1, 2.02, 941, 80, 0, 0
546, 0, 0, 1, 1, 1, 30.19%, 0, 0, 1, 2.29, 954, 80, 0, 0
551, 0, 0, 1, 1, 1, 30.19%, 0, 0, 1, 2.24, 965, 80, 0, 0
556, 0, 0, 1, 1, 1, 30.19%, 0, 0, 1, 2.13, 976, 80, 0, 0
562, 0, 0, 1, 1, 1, 30.19%, 0, 0, 1, 1.98, 986, 80, 0, 0
567, 0, 0, 1, 1, 1, 30.19%, 0, 0, 1, 1.85, 995, 80, 0, 0
572, 0, 0, 1, 1, 1, 30.19%, 0, 0, 1, 1.74, 1003, 80, 0, 0
578, 0, 0, 1, 1, 1, 30.19%, 0, 0, 1, 1.75, 1012, 80, 0, 0
583, 0, 0, 1, 1, 1, 30.19%, 0, 0, 1, 1.64, 1020, 80, 0, 0
588, 0, 0, 1, 1, 1, 30.19%, 0, 0, 1, 1.71, 1029, 80, 0, 0
594, 0, 0, 1, 1, 1, 30.19%, 0, 0, 1, 1.77, 1039, 80, 0, 0
599, 0, 0, 1, 1, 1, 30.19%, 0, 0, 1, 1.82, 1048, 80, 0, 0
604, 0, 0, 1, 1, 1, 30.19%, 0, 0, 1, 1.85, 1058, 80, 0, 0
610, 0, 0, 1, 1, 1, 30.19%, 0, 0, 1, 2.07, 1070, 80, 0, 0
615, 0, 0, 1, 1, 1, 30.19%, 0, 0, 1, 2.09, 1081, 80, 0, 0
620, 0, 0, 1, 1, 1, 30.19%, 0, 0, 1, 1.97, 1091, 80, 0, 0
626, 0, 0, 1, 1, 1, 30.19%, 0, 0, 1, 1.98, 1102, 80, 0, 0
631, 0, 0, 1, 1, 1, 30.19%, 0, 0, 1, 2.00, 1112, 80, 0, 0
636, 0, 0, 1, 1, 1, 30.19%, 0, 0, 1, 2.07, 1123, 80, 0, 0
642, 0, 0, 1, 1, 1, 30.19%, 0, 0, 1, 2.01, 1133, 80, 0, 0
647, 0, 0, 1, 1, 1, 30.19%, 0, 0, 1, 1.97, 1143, 80, 0, 0
652, 0, 0, 1, 1, 1, 30.19%, 0, 0, 1, 2.14, 1155, 80, 0, 0
658, 0, 0, 1, 1, 1, 30.19%, 0, 0, 1, 2.06, 1165, 80, 0, 0
663, 0, 0, 1, 1, 1, 30.19%, 0, 0, 1, 2.01, 1175, 80, 0, 0
668, 0, 0, 1, 1, 1, 30.19%, 0, 0, 1, 2.01, 1185, 80, 0, 0
673, 0, 0, 1, 1, 1, 30.19%, 0, 0, 1, 1.99, 1195, 80, 0, 0
678, 0, 0, 1, 1, 1, 30.19%, 0, 0, 1, 1.91, 1204, 80, 0, 0
684, 0, 0, 1, 1, 1, 30.19%, 0, 0, 1, 1.92, 1214, 80, 0, 0
689, 0, 0, 1, 1, 1, 30.19%, 0, 0, 1, 1.80, 1223, 80, 0, 0
695, 0, 0, 1, 1, 1, 30.19%, 0, 0, 1, 1.85, 1233, 80, 0, 0
700, 0, 0, 1, 1, 1, 30.19%, 0, 0, 1, 1.71, 1241, 80, 0, 0
706, 0, 0, 1, 1, 1, 30.19%, 0, 0, 1, 1.76, 1251, 80, 0, 0
711, 0, 0, 1, 1, 1, 30.19%, 0, 0, 1, 1.81, 1260, 80, 0, 0
716, 0, 0, 1, 1, 1, 30.19%, 0, 0, 1, 1.87, 1270, 80, 0, 0
721, 0, 0, 1, 1, 1, 30.19%, 0, 0, 1, 1.87, 1279, 80, 0, 0
726, 0, 0, 1, 1, 1, 30.19%, 0, 0, 1, 1.94, 1289, 80, 0, 0
731, 0, 0, 1, 1, 1, 30.19%, 0, 0, 1, 1.96, 1299, 80, 0, 0
736, 0, 0, 1, 1, 1, 30.19%, 0, 0, 1, 1.86, 1308, 80, 0, 0
741, 0, 0, 1, 1, 1, 30.19%, 0, 0, 1, 1.88, 1317, 80, 0, 0
746, 0, 0, 1, 1, 1, 30.19%, 0, 0, 1, 1.86, 1326, 80, 0, 0
752, 0, 0, 1, 1, 1, 30.19%, 0, 0, 1, 1.80, 1335, 80, 0, 0
757, 0, 0, 1, 1, 1, 30.19%, 0, 0, 1, 1.93, 1345, 80, 0, 0
762, 0, 0, 1, 1, 1, 30.19%, 0, 0, 1, 1.95, 1355, 80, 0, 0
767, 0, 0, 1, 1, 1, 30.19%, 0, 0, 1, 1.86, 1364, 80, 0, 0
773, 0, 0, 1, 1, 1, 30.19%, 0, 0, 1, 1.88, 1374, 80, 0, 0
778, 0, 0, 1, 1, 1, 30.19%, 0, 0, 1, 1.77, 1383, 80, 0, 0
784, 0, 0, 1, 1, 1, 30.19%, 0, 0, 1, 1.87, 1393, 80, 0, 0
789, 0, 0, 1, 1, 1, 30.19%, 0, 0, 1, 1.91, 1403, 80, 0, 0
794, 0, 0, 1, 1, 1, 30.19%, 0, 0, 1, 1.97, 1413, 80, 0, 0
799, 0, 0, 1, 1, 1, 30.19%, 0, 0, 1, 2.02, 1424, 80, 0, 0
805, 0, 0, 1, 1, 1, 30.19%, 0, 0, 1, 1.95, 1434, 80, 0, 0
810, 0, 0, 1, 1, 1, 30.19%, 0, 0, 1, 2.01, 1445, 80, 0, 0
815, 0, 0, 1, 1, 1, 30.19%, 0, 0, 1, 1.85, 1454, 80, 0, 0
821, 0, 0, 1, 1, 1, 30.19%, 0, 0, 1, 1.72, 1462, 80, 0, 0
826, 0, 0, 1, 1, 1, 30.19%, 0, 0, 1, 1.67, 1470, 80, 0, 0
831, 0, 0, 1, 1, 1, 30.19%, 0, 0, 1, 1.80, 1480, 80, 0, 0
836, 0, 0, 1, 1, 1, 30.19%, 0, 0, 1, 1.91, 1490, 80, 0, 0
842, 0, 0, 1, 1, 1, 30.19%, 0, 0, 1, 2.09, 1502, 80, 0, 0
847, 0, 0, 1, 1, 1, 30.19%, 0, 0, 1, 2.03, 1512, 80, 0, 0
852, 0, 0, 1, 1, 1, 30.19%, 0, 0, 1, 1.96, 1521, 80, 0, 0
857, 0, 0, 1, 1, 1, 30.19%, 0, 0, 1, 1.87, 1530, 80, 0, 0
863, 0, 0, 1, 1, 1, 30.19%, 1, 0, 1, 2.04, 1541, 80, 1, 0
868, 0, 0, 1, 1, 1, 30.19%, 3, 0, 1, 1.89, 1550, 80, 10, 0
873, 0, 0, 1, 1, 1, 30.19%, 3, 0, 1, 1.82, 1559, 80, 19, 0
900, 0, 0, 1, 1, 1, 30.19%, 3, 0, 1, 0.04, 1563, 80, 23, 0
905, 0, 0, 1, 1, 1, 30.19%, 3, 0, 1, 1.90, 1573, 80, 33, 0
910, 0, 0, 5, 5, 1, 33.21%, 3, 0, 2, 4.69, 1616, 88, 33, 0
915, 0, 0, 6, 6, 1, 33.96%, 3, 0, 2, 7.32, 1659, 90, 33, 0
921, 0, 0, 6, 6, 1, 33.96%, 3, 0, 2, 5.95, 1681, 90, 40, 0
926, 0, 0, 6, 6, 1, 33.96%, 3, 0, 2, 7.21, 1717, 90, 42, 0
931, 0, 0, 6, 6, 1, 33.96%, 3, 0, 2, 6.56, 1739, 90, 47, 0
936, 0, 0, 6, 6, 1, 33.96%, 3, 0, 2, 7.20, 1771, 90, 51, 0
942, 0, 0, 6, 6, 1, 33.96%, 3, 0, 2, 1.36, 1799, 90, 55, 0
947, 0, 0, 6, 6, 1, 33.96%, 3, 0, 2, 8.44, 1825, 90, 59, 0
952, 0, 0, 6, 6, 1, 33.96%, 3, 0, 2, 1.52, 1863, 90, 61, 0
957, 0, 0, 6, 6, 1, 33.96%, 3, 0, 2, 1.36, 1879, 90, 67, 0
963, 0, 0, 6, 6, 1, 33.96%, 3, 0, 2, 2.27, 1909, 90, 71, 0
969, 0, 0, 6, 6, 1, 33.96%, 3, 0, 2, 3.72, 1929, 90, 77, 0
974, 0, 0, 6, 6, 1, 33.96%, 3, 0, 2, 3.81, 1945, 90, 84, 0
979, 0, 0, 6, 6, 1, 33.96%, 3, 0, 2, 5.71, 1974, 90, 88, 0
985, 0, 0, 6, 6, 1, 33.96%, 3, 0, 2, 5.93, 1999, 90, 93, 0
990, 0, 0, 6, 6, 1, 33.96%, 3, 0, 2, 8.02, 2042, 90, 94, 0
996, 0, 0, 6, 6, 1, 33.96%, 3, 0, 2, 6.96, 2073, 90, 99, 0
1001, 0, 0, 6, 6, 1, 33.96%, 3, 0, 2, 7.40, 2106, 90, 104, 0
1006, 0, 0, 6, 6, 1, 33.96%, 3, 0, 2, 6.12, 2127, 90, 111, 0
1011, 0, 0, 6, 6, 1, 33.96%, 3, 0, 2, 6.74, 2154, 90, 116, 0
1016, 0, 0, 6, 6, 1, 33.96%, 3, 0, 2, 8.39, 2200, 90, 116, 0
1021, 0, 0, 6, 6, 1, 33.96%, 3, 0, 2, 8.09, 2238, 90, 118, 0
1027, 0, 0, 6, 6, 1, 33.96%, 3, 0, 2, 7.65, 2268, 90, 123, 0
1032, 0, 0, 6, 6, 1, 33.96%, 3, 0, 2, 7.93, 2309, 90, 125, 0
1037, 0, 0, 6, 6, 1, 33.96%, 3, 0, 2, 6.06, 2325, 90, 132, 0
1042, 0, 0, 6, 6, 1, 33.96%, 3, 0, 2, 7.53, 2362, 90, 134, 0
1047, 0, 0, 6, 6, 1, 33.96%, 3, 0, 2, 6.59, 2387, 90, 141, 0
1053, 0, 0, 6, 6, 1, 33.96%, 3, 0, 2, 5.63, 2405, 90, 148, 0
1058, 0, 0, 6, 6, 1, 33.96%, 3, 0, 2, 7.61, 2444, 90, 149, 0
1063, 0, 0, 6, 6, 1, 33.96%, 3, 0, 2, 8.57, 2490, 90, 149, 0
1068, 0, 0, 6, 6, 1, 33.96%, 3, 0, 2, 7.63, 2524, 90, 153, 0
1073, 0, 0, 6, 6, 1, 33.96%, 3, 0, 2, 6.79, 2546, 90, 158, 0
1078, 0, 0, 6, 6, 1, 33.96%, 3, 0, 2, 6.27, 2565, 90, 163, 0
1083, 0, 0, 6, 6, 1, 33.96%, 3, 0, 2, 7.64, 2601, 90, 165, 0
1089, 0, 0, 6, 6, 1, 33.96%, 3, 0, 2, 6.23, 2621, 90, 171, 0
1094, 0, 0, 6, 6, 1, 33.96%, 3, 0, 2, 7.91, 2662, 90, 172, 0
1099, 0, 0, 6, 6, 1, 33.96%, 3, 0, 2, 8.51, 2706, 90, 172, 0
1105, 0, 0, 6, 6, 1, 33.96%, 3, 0, 2, 1.46, 2734, 90, 177, 0
1110, 0, 0, 6, 6, 1, 33.96%, 3, 0, 2, 7.25, 2761, 90, 182, 0
1115, 0, 0, 6, 6, 1, 33.96%, 3, 0, 2, 7.10, 2791, 90, 186, 0
1120, 0, 0, 6, 6, 1, 33.96%, 3, 0, 2, 6.22, 2816, 90, 193, 0
1126, 0, 0, 6, 6, 1, 33.96%, 3, 0, 2, 5.63, 2840, 90, 201, 0
1131, 0, 0, 6, 6, 1, 33.96%, 3, 0, 2, 5.65, 2862, 90, 207, 0
1136, 0, 0, 6, 6, 1, 33.96%, 3, 0, 2, 6.70, 2896, 90, 211, 0
1141, 0, 0, 6, 6, 1, 33.96%, 3, 0, 2, 6.00, 2919, 90, 217, 0
1146, 0, 0, 6, 6, 1, 33.96%, 3, 0, 2, 6.80, 2947, 90, 221, 0
1151, 0, 0, 6, 6, 1, 33.96%, 3, 0, 2, 7.76, 2989, 90, 221, 0
1157, 0, 0, 6, 6, 1, 33.96%, 3, 0, 2, 8.33, 3033, 90, 221, 0
1162, 0, 0, 6, 6, 1, 33.96%, 3, 0, 2, 7.62, 3066, 90, 224, 0
1167, 0, 0, 6, 6, 1, 33.96%, 3, 0, 2, 6.36, 3088, 90, 231, 0
1172, 0, 0, 6, 6, 1, 33.96%, 3, 0, 2, 7.13, 3118, 90, 235, 0
1177, 0, 0, 6, 6, 1, 33.96%, 3, 0, 2, 7.11, 3149, 90, 240, 0
1183, 0, 0, 6, 6, 1, 33.96%, 3, 0, 2, 6.06, 3172, 90, 248, 0
1188, 0, 0, 6, 6, 1, 33.96%, 3, 0, 2, 5.92, 3193, 90, 254, 0
1193, 0, 0, 6, 6, 1, 33.96%, 3, 0, 2, 7.79, 3237, 90, 254, 0
1198, 0, 0, 6, 6, 1, 33.96%, 3, 0, 2, 8.26, 3277, 90, 255, 0
1203, 0, 0, 6, 6, 1, 33.96%, 3, 0, 2, 7.45, 3312, 90, 260, 0
1208, 0, 0, 6, 6, 1, 33.96%, 3, 0, 2, 7.17, 3334, 90, 264, 0
1214, 0, 0, 6, 6, 1, 33.96%, 3, 0, 2, 6.37, 3365, 90, 264, 0
1219, 0, 0, 6, 6, 1, 33.96%, 3, 0, 2, 7.04, 3399, 90, 265, 0
1225, 0, 0, 6, 6, 1, 33.96%, 3, 0, 2, 1.27, 3426, 90, 269, 0
1230, 0, 0, 6, 6, 1, 33.96%, 3, 0, 2, 6.19, 3442, 90, 273, 0
1235, 0, 0, 6, 6, 1, 33.96%, 3, 0, 2, 5.38, 3463, 90, 275, 0
1240, 0, 0, 6, 6, 1, 33.96%, 3, 0, 2, 3.21, 3483, 90, 278, 0
1245, 0, 0, 6, 6, 1, 33.96%, 3, 0, 2, 4.00, 3501, 90, 283, 0
1250, 0, 0, 6, 6, 1, 33.96%, 3, 0, 2, 4.65, 3522, 90, 289, 0
1255, 0, 0, 6, 6, 1, 33.96%, 3, 0, 2, 4.79, 3540, 90, 295, 0
1261, 0, 0, 6, 6, 1, 33.96%, 3, 0, 2, 5.65, 3565, 90, 300, 0
1267, 0, 0, 6, 6, 1, 33.96%, 3, 0, 2, 7.31, 3608, 90, 301, 0
1272, 0, 0, 6, 6, 1, 33.96%, 3, 0, 2, 6.54, 3636, 90, 306, 0
1277, 0, 0, 6, 6, 1, 33.96%, 3, 0, 2, 7.36, 3670, 90, 309, 0
1282, 0, 0, 6, 6, 1, 33.96%, 3, 0, 2, 7.85, 3712, 90, 310, 0
1288, 0, 0, 6, 6, 1, 33.96%, 3, 0, 2, 7.09, 3745, 90, 314, 0
1293, 0, 0, 6, 6, 1, 33.96%, 3, 0, 2, 6.80, 3770, 90, 320, 0
1298, 0, 0, 6, 6, 1, 33.96%, 3, 0, 2, 7.99, 3812, 90, 321, 0
1303, 0, 0, 6, 6, 1, 33.96%, 3, 0, 2, 1.46, 3833, 90, 327, 0
1308, 0, 0, 6, 6, 1, 33.96%, 3, 0, 2, 6.21, 3853, 90, 333, 0
1313, 0, 0, 6, 6, 1, 33.96%, 3, 0, 2, 6.61, 3880, 90, 337, 0
1318, 0, 0, 6, 6, 1, 33.96%, 3, 0, 2, 6.74, 3910, 90, 340, 0
1323, 0, 0, 6, 6, 1, 33.96%, 3, 0, 2, 7.05, 3941, 90, 343, 0
1329, 0, 0, 6, 6, 1, 33.96%, 3, 0, 2, 6.04, 3964, 90, 349, 0
1334, 0, 0, 6, 6, 1, 33.96%, 3, 0, 2, 5.98, 3987, 90, 354, 0
1339, 0, 0, 6, 6, 1, 33.96%, 3, 0, 2, 6.83, 4017, 90, 357, 0
1344, 0, 0, 6, 6, 1, 33.96%, 3, 0, 2, 7.87, 4059, 90, 357, 0
1349, 0, 0, 6, 6, 1, 33.96%, 3, 0, 2, 8.43, 4090, 90, 360, 0
1355, 0, 0, 6, 6, 1, 33.96%, 3, 0, 2, 6.96, 4115, 90, 366, 0
1360, 0, 0, 6, 6, 1, 33.96%, 3, 0, 2, 7.77, 4150, 90, 368, 0
1365, 0, 0, 6, 6, 1, 33.96%, 3, 0, 2, 8.05, 4189, 90, 369, 0
1370, 0, 0, 6, 6, 1, 33.96%, 3, 0, 2, 8.10, 4227, 90, 370, 0
1375, 0, 0, 6, 6, 1, 33.96%, 3, 0, 2, 4.21, 4251, 90, 374, 0
1380, 0, 0, 6, 6, 1, 33.96%, 3, 0, 2, 4.52, 4269, 90, 380, 0
1385, 0, 0, 6, 6, 1, 33.96%, 3, 0, 2, 5.83, 4296, 90, 385, 0
1390, 0, 0, 6, 6, 1, 33.96%, 3, 0, 2, 7.11, 4331, 90, 388, 0
1396, 0, 0, 6, 6, 1, 33.96%, 3, 0, 2, 7.58, 4359, 90, 392, 0
1401, 0, 0, 6, 6, 1, 33.96%, 3, 0, 2, 6.50, 4381, 90, 398, 0
1406, 0, 0, 6, 6, 1, 33.96%, 3, 0, 2, 5.33, 4399, 90, 405, 0
1411, 0, 0, 6, 6, 1, 33.96%, 3, 0, 2, 6.16, 4426, 90, 410, 0
1416, 0, 0, 6, 6, 1, 33.96%, 3, 0, 2, 7.12, 4458, 90, 414, 0
1422, 0, 0, 6, 6, 1, 33.96%, 3, 0, 2, 7.26, 4494, 90, 417, 0
1427, 0, 0, 6, 6, 1, 33.96%, 3, 0, 2, 6.41, 4521, 90, 423, 0
1432, 0, 0, 6, 6, 1, 33.96%, 3, 0, 2, 5.82, 4541, 90, 429, 0
1437, 0, 0, 6, 6, 1, 33.96%, 3, 0, 2, 6.56, 4573, 90, 432, 0
1443, 0, 0, 6, 6, 1, 33.96%, 3, 0, 2, 6.91, 4605, 90, 436, 0
1448, 0, 0, 6, 6, 1, 33.96%, 3, 0, 2, 6.91, 4632, 90, 441, 0
1453, 0, 0, 6, 6, 1, 33.96%, 3, 0, 2, 7.28, 4662, 90, 445, 0
1458, 0, 0, 6, 6, 1, 33.96%, 3, 0, 2, 7.39, 4697, 90, 447, 0
1463, 0, 0, 6, 6, 1, 33.96%, 3, 0, 2, 8.09, 4727, 90, 451, 0
1469, 0, 0, 6, 6, 1, 33.96%, 3, 0, 2, 6.60, 4749, 90, 457, 0
1474, 0, 0, 6, 6, 1, 33.96%, 3, 0, 2, 5.74, 4770, 90, 463, 0
1479, 0, 0, 6, 6, 1, 33.96%, 3, 0, 2, 5.43, 4790, 90, 469, 0
1484, 0, 0, 6, 6, 1, 33.96%, 3, 0, 2, 5.87, 4814, 90, 474, 0
1490, 0, 0, 6, 6, 1, 33.96%, 3, 0, 2, 5.34, 4832, 90, 480, 0
1495, 0, 0, 6, 6, 1, 33.96%, 3, 0, 2, 6.69, 4866, 90, 483, 0
1500, 0, 0, 6, 6, 1, 33.96%, 3, 0, 2, 7.27, 4894, 90, 486, 0
1505, 0, 0, 6, 6, 1, 33.96%, 3, 0, 2, 5.96, 4911, 90, 492, 0
1510, 0, 0, 6, 6, 1, 33.96%, 3, 0, 2, 6.11, 4934, 90, 497, 0
1515, 0, 0, 6, 6, 1, 33.96%, 3, 0, 2, 7.09, 4968, 90, 500, 0
1520, 0, 0, 6, 6, 1, 33.96%, 3, 0, 2, 6.81, 4996, 90, 504, 0
1526, 0, 0, 6, 6, 1, 33.96%, 3, 0, 2, 5.84, 5017, 90, 510, 0
1531, 0, 0, 6, 6, 1, 33.96%, 3, 0, 2, 5.89, 5042, 90, 515, 0
1536, 0, 0, 6, 6, 1, 33.96%, 3, 0, 2, 5.14, 5061, 90, 523, 0
1541, 0, 0, 6, 6, 1, 33.96%, 3, 0, 2, 6.00, 5086, 90, 528, 0
1546, 0, 0, 6, 6, 1, 33.96%, 3, 0, 2, 6.94, 5118, 90, 531, 0
1551, 0, 0, 6, 6, 1, 33.96%, 3, 0, 2, 6.92, 5148, 90, 535, 0
1557, 0, 0, 6, 6, 1, 33.96%, 3, 0, 2, 5.99, 5172, 90, 542, 0
1562, 0, 0, 6, 6, 1, 33.96%, 3, 0, 2, 6.23, 5197, 90, 547, 0
1567, 0, 0, 6, 6, 1, 33.96%, 3, 0, 2, 7.05, 5231, 90, 550, 0
1572, 0, 0, 6, 6, 1, 33.96%, 3, 0, 2, 6.52, 5257, 90, 555, 0
1577, 0, 0, 6, 6, 1, 33.96%, 3, 0, 2, 6.29, 5283, 90, 561, 0
1583, 0, 0, 6, 6, 1, 33.96%, 3, 0, 2, 6.95, 5316, 90, 564, 0
1588, 0, 0, 6, 6, 1, 33.96%, 3, 0, 2, 6.85, 5346, 90, 568, 0
1593, 0, 0, 6, 6, 1, 33.96%, 3, 0, 2, 6.09, 5368, 90, 574, 0
1598, 0, 0, 6, 6, 1, 33.96%, 3, 0, 2, 5.55, 5389, 90, 580, 0
1604, 0, 0, 6, 6, 1, 33.96%, 3, 0, 2, 5.30, 5409, 90, 586, 0
1609, 0, 0, 6, 6, 1, 33.96%, 3, 0, 2, 5.99, 5433, 90, 591, 0
1614, 0, 0, 6, 6, 1, 33.96%, 3, 0, 2, 5.70, 5453, 90, 597, 0
1619, 0, 0, 6, 6, 1, 33.96%, 3, 0, 2, 6.82, 5485, 90, 600, 0
1624, 0, 0, 6, 6, 1, 33.96%, 3, 0, 2, 7.04, 5515, 90, 604, 0
1630, 0, 0, 6, 6, 1, 33.96%, 3, 0, 2, 6.15, 5539, 90, 611, 0
1635, 0, 0, 6, 6, 1, 33.96%, 3, 0, 2, 6.90, 5570, 90, 616, 0
1640, 0, 0, 6, 6, 1, 33.96%, 3, 0, 2, 7.32, 5602, 90, 619, 0
1645, 0, 0, 6, 6, 1, 33.96%, 3, 0, 2, 6.86, 5630, 90, 624, 0
1651, 0, 0, 6, 6, 1, 33.96%, 3, 0, 2, 6.33, 5654, 90, 630, 0
1656, 0, 0, 6, 6, 1, 33.96%, 3, 0, 2, 5.69, 5674, 90, 637, 0
1661, 0, 0, 6, 6, 1, 33.96%, 3, 0, 2, 5.23, 5695, 90, 645, 0
1666, 0, 0, 6, 6, 1, 33.96%, 3, 0, 2, 7.19, 5733, 90, 648, 0
1672, 0, 0, 6, 6, 1, 33.96%, 3, 0, 2, 7.37, 5767, 90, 652, 0
1677, 0, 0, 6, 6, 1, 33.96%, 3, 0, 2, 6.41, 5795, 90, 660, 0
1682, 0, 0, 6, 6, 1, 33.96%, 3, 0, 2, 7.03, 5827, 90, 665, 0
1688, 0, 0, 6, 6, 1, 33.96%, 3, 0, 2, 7.28, 5861, 90, 669, 0
1693, 0, 0, 6, 6, 1, 33.96%, 3, 0, 2, 8.90, 5886, 90, 675, 0
1698, 0, 0, 6, 6, 1, 33.96%, 3, 0, 2, 8.37, 5925, 90, 678, 0
1703, 0, 0, 6, 6, 1, 33.96%, 3, 0, 2, 8.90, 5959, 90, 681, 0
1708, 0, 0, 6, 6, 1, 33.96%, 3, 0, 2, 8.39, 5985, 90, 686, 0
1714, 0, 0, 6, 6, 1, 33.96%, 3, 0, 2, 6.99, 6009, 90, 692, 0
1719, 0, 0, 6, 6, 1, 33.96%, 3, 0, 2, 6.30, 6030, 90, 698, 0
1724, 0, 0, 6, 6, 1, 33.96%, 3, 0, 2, 5.63, 6051, 90, 706, 0
1729, 0, 0, 6, 6, 1, 33.96%, 3, 0, 2, 8.26, 6097, 90, 706, 0
1734, 0, 0, 6, 6, 1, 33.96%, 3, 0, 2, 8.79, 6143, 90, 706, 0
1739, 0, 0, 6, 6, 1, 33.96%, 3, 0, 2, 1.53, 6174, 90, 709, 0
1744, 0, 0, 6, 6, 1, 33.96%, 3, 0, 2, 1.48, 6200, 90, 713, 0
1750, 0, 0, 6, 6, 1, 33.96%, 3, 0, 2, 8.55, 6226, 90, 718, 0
1755, 0, 0, 6, 6, 1, 33.96%, 3, 0, 2, 1.58, 6260, 90, 721, 0
1760, 0, 0, 6, 6, 1, 33.96%, 3, 0, 2, 5.11, 6289, 90, 724, 0
1765, 0, 0, 6, 6, 1, 33.96%, 3, 0, 2, 5.58, 6314, 90, 730, 0
1771, 0, 0, 6, 6, 1, 33.96%, 3, 0, 2, 5.44, 6335, 90, 736, 0
1776, 0, 0, 6, 6, 1, 33.96%, 3, 0, 2, 7.47, 6373, 90, 738, 0
1781, 0, 0, 6, 6, 1, 33.96%, 3, 0, 2, 7.78, 6406, 90, 741, 0
1786, 0, 0, 6, 6, 1, 33.96%, 3, 0, 2, 7.28, 6435, 90, 746, 0
1791, 0, 0, 6, 6, 1, 33.96%, 3, 0, 2, 6.62, 6460, 90, 753, 0
1796, 0, 0, 6, 6, 1, 33.96%, 3, 0, 2, 7.38, 6489, 90, 757, 0
1801, 0, 0, 6, 6, 1, 33.96%, 3, 0, 2, 8.75, 6536, 90, 757, 0
1806, 0, 0, 6, 6, 1, 33.96%, 3, 0, 2, 8.98, 6582, 90, 757, 0
1812, 0, 0, 6, 6, 1, 33.96%, 3, 0, 2, 7.52, 6615, 90, 762, 0
1817, 0, 0, 6, 6, 1, 33.96%, 3, 0, 2, 6.76, 6643, 90, 769, 0
1822, 0, 0, 6, 6, 1, 33.96%, 3, 0, 2, 7.30, 6673, 90, 773, 0
1827, 0, 0, 6, 6, 1, 33.96%, 3, 0, 2, 8.04, 6712, 90, 775, 0
1832, 0, 0, 6, 6, 1, 33.96%, 3, 0, 2, 7.16, 6741, 90, 781, 0
1837, 0, 0, 6, 6, 1, 33.96%, 3, 0, 2, 7.55, 6774, 90, 785, 0
1843, 0, 0, 6, 6, 1, 33.96%, 3, 0, 2, 7.90, 6809, 90, 788, 0
1848, 0, 0, 6, 6, 1, 33.96%, 3, 0, 2, 7.47, 6839, 90, 792, 0
1853, 0, 0, 6, 6, 1, 33.96%, 3, 0, 2, 6.70, 6864, 90, 797, 0
1858, 0, 0, 6, 6, 1, 33.96%, 3, 0, 2, 6.84, 6892, 90, 802, 0
1863, 0, 0, 6, 6, 1, 33.96%, 3, 0, 2, 6.06, 6913, 90, 809, 0
1868, 0, 0, 6, 6, 1, 33.96%, 3, 0, 2, 6.05, 6936, 90, 815, 0
1874, 0, 0, 6, 6, 1, 33.96%, 3, 0, 2, 1.52, 6974, 90, 818, 0
1879, 0, 0, 6, 6, 1, 33.96%, 3, 0, 2, 7.72, 7007, 90, 821, 0
1884, 0, 0, 6, 6, 1, 33.96%, 3, 0, 2, 7.48, 7039, 90, 825, 0
1889, 0, 0, 6, 6, 1, 33.96%, 3, 0, 2, 6.73, 7062, 90, 831, 0
1895, 0, 0, 6, 6, 1, 33.96%, 3, 0, 2, 6.74, 7085, 90, 836, 0
1900, 0, 0, 6, 6, 1, 33.96%, 3, 0, 2, 7.72, 7122, 90, 838, 0
1905, 0, 0, 6, 6, 1, 33.96%, 3, 0, 2, 7.67, 7156, 90, 842, 0
1910, 0, 0, 6, 6, 1, 33.96%, 3, 0, 2, 6.34, 7180, 90, 849, 0
1916, 0, 0, 6, 6, 1, 33.96%, 3, 0, 2, 7.50, 7219, 90, 852, 0
1921, 0, 0, 6, 6, 1, 33.96%, 3, 0, 2, 7.51, 7255, 90, 855, 0
1926, 0, 0, 6, 6, 1, 33.96%, 3, 0, 2, 7.35, 7285, 90, 859, 0
1931, 0, 0, 6, 6, 1, 33.96%, 3, 0, 2, 6.26, 7309, 90, 866, 0
1937, 0, 0, 6, 6, 1, 33.96%, 3, 0, 2, 6.59, 7338, 90, 872, 0
1942, 0, 0, 6, 6, 1, 33.96%, 3, 0, 2, 7.66, 7377, 90, 874, 0
1947, 0, 0, 6, 6, 1, 33.96%, 3, 0, 2, 8.69, 7423, 90, 874, 0
1952, 0, 0, 7, 7, 1, 34.72%, 3, 0, 2, 8.90, 7466, 92, 874, 0
1957, 0, 0, 7, 7, 1, 34.72%, 3, 0, 2, 9.06, 7512, 92, 874, 0
1962, 0, 0, 7, 7, 1, 34.72%, 3, 0, 2, 8.83, 7558, 92, 874, 0
1967, 0, 0, 7, 7, 1, 34.72%, 3, 0, 2, 9.03, 7604, 92, 874, 0
1972, 0, 0, 7, 7, 1, 34.72%, 3, 0, 2, 9.02, 7650, 92, 874, 0
1977, 0, 0, 7, 7, 1, 34.72%, 3, 0, 2, 8.89, 7696, 92, 874, 0
1982, 0, 0, 7, 7, 1, 34.72%, 3, 0, 2, 8.96, 7741, 92, 874, 0
1988, 0, 0, 7, 7, 1, 34.72%, 3, 0, 2, 8.47, 7784, 92, 875, 0
1993, 0, 0, 7, 7, 1, 34.72%, 3, 0, 2, 8.75, 7827, 92, 876, 0
1998, 0, 0, 7, 7, 1, 34.72%, 3, 0, 2, 7.35, 7856, 92, 882, 0
2003, 0, 0, 7, 7, 1, 34.72%, 3, 0, 2, 8.29, 7894, 92, 884, 0
2008, 0, 0, 7, 7, 1, 34.72%, 4, 0, 2, 5.57, 7909, 92, 893, 0
2032, 0, 0, 7, 7, 1, 34.72%, 4, 0, 2, 0.05, 7916, 92, 900, 0
2040, 0, 0, 7, 7, 1, 34.72%, 4, 0, 2, 0.85, 7920, 92, 904, 0
2050, 0, 0, 7, 7, 1, 34.72%, 5, 0, 2, 0.17, 7926, 92, 910, 0
2057, 0, 0, 7, 7, 1, 34.72%, 5, 0, 2, 0.17, 7927, 92, 911, 0
2062, 0, 0, 7, 7, 1, 34.72%, 5, 0, 2, 0.17, 7928, 92, 912, 0
2068, 0, 0, 7, 7, 1, 34.72%, 5, 0, 2, 0.17, 7929, 92, 913, 0
2075, 0, 0, 7, 7, 1, 34.72%, 5, 0, 2, 0.17, 7930, 92, 914, 0
2088, 0, 0, 7, 7, 1, 34.72%, 5, 0, 2, 0.09, 7933, 92, 917, 0
2095, 0, 0, 7, 7, 1, 34.72%, 5, 0, 2, 0.18, 7937, 92, 921, 0
2111, 0, 0, 7, 7, 1, 34.72%, 5, 0, 2, 0.17, 7938, 92, 922, 0
2117, 0, 0, 7, 7, 1, 34.72%, 5, 0, 2, 0.17, 7939, 92, 923, 0
2126, 0, 0, 7, 7, 1, 34.72%, 5, 0, 2, 0.16, 7945, 92, 929, 0
2134, 0, 0, 7, 7, 1, 34.72%, 5, 0, 2, 0.19, 7947, 92, 931, 0
2140, 0, 0, 7, 7, 1, 34.72%, 5, 0, 2, 0.18, 7948, 92, 932, 0
2145, 0, 0, 7, 7, 1, 34.72%, 5, 0, 2, 0.18, 7949, 92, 933, 0
2171, 0, 0, 7, 7, 1, 34.72%, 5, 0, 2, 0.05, 7952, 92, 936, 0
2178, 0, 0, 7, 7, 1, 34.72%, 5, 0, 2, 0.16, 7954, 92, 938, 0
2184, 0, 0, 7, 7, 1, 34.72%, 5, 0, 2, 0.16, 7955, 92, 939, 0
2194, 0, 0, 7, 7, 1, 34.72%, 5, 0, 2, 0.17, 7962, 92, 946, 0
2200, 0, 0, 7, 7, 1, 34.72%, 5, 0, 2, 0.17, 7963, 92, 947, 0
2211, 0, 0, 7, 7, 1, 34.72%, 5, 0, 2, 0.17, 7965, 92, 949, 0
2222, 0, 0, 7, 7, 1, 34.72%, 5, 0, 2, 0.15, 7973, 92, 957, 0
2229, 0, 0, 7, 7, 1, 34.72%, 5, 0, 2, 0.15, 7974, 92, 958, 0
2239, 0, 0, 7, 7, 1, 34.72%, 5, 0, 2, 0.16, 7980, 92, 964, 0
2245, 0, 0, 7, 7, 1, 34.72%, 5, 0, 2, 0.16, 7981, 92, 965, 0
2252, 0, 0, 7, 7, 1, 34.72%, 5, 0, 2, 0.19, 7983, 92, 967, 0
2259, 0, 0, 7, 7, 1, 34.72%, 5, 0, 2, 0.19, 7984, 92, 968, 0
2264, 0, 0, 7, 7, 1, 34.72%, 5, 0, 2, 1.65, 7992, 92, 976, 0
2274, 0, 0, 7, 7, 1, 34.72%, 5, 0, 2, 0.16, 7998, 92, 982, 0
2282, 0, 0, 7, 7, 1, 34.72%, 5, 0, 2, 0.18, 8000, 92, 984, 0
2289, 0, 0, 7, 7, 1, 34.72%, 5, 0, 2, 0.17, 8001, 92, 985, 0
2297, 0, 0, 7, 7, 1, 34.72%, 5, 0, 2, 0.17, 8002, 92, 986, 0
2303, 0, 0, 7, 7, 1, 34.72%, 5, 0, 2, 0.17, 8003, 92, 987, 0
2313, 0, 0, 7, 7, 1, 34.72%, 5, 0, 2, 0.16, 8009, 92, 993, 0
2322, 0, 0, 7, 7, 1, 34.72%, 5, 0, 2, 0.16, 8012, 92, 996, 0
2328, 0, 0, 7, 7, 1, 34.72%, 5, 0, 2, 0.16, 8013, 92, 997, 0
2335, 0, 0, 7, 7, 1, 34.72%, 5, 0, 2, 0.16, 8014, 92, 998, 0
2341, 0, 0, 7, 7, 1, 34.72%, 5, 0, 2, 0.16, 8015, 92, 999, 0
2348, 0, 0, 7, 7, 1, 34.72%, 5, 0, 2, 0.16, 8016, 92, 1000, 0
2356, 0, 0, 7, 7, 1, 34.72%, 5, 0, 2, 0.18, 8018, 92, 1002, 0
2364, 0, 0, 7, 7, 1, 34.72%, 5, 0, 2, 0.18, 8019, 92, 1003, 0
2371, 0, 0, 7, 7, 1, 34.72%, 5, 0, 2, 0.21, 8021, 92, 1005, 0
2376, 0, 0, 7, 7, 1, 34.72%, 5, 0, 2, 1.99, 8030, 92, 1014, 0
2381, 0, 0, 7, 7, 1, 34.72%, 5, 0, 2, 1.98, 8040, 92, 1024, 0
2392, 0, 0, 7, 7, 1, 34.72%, 5, 0, 2, 0.15, 8048, 92, 1031, 0
2398, 0, 0, 7, 7, 1, 34.72%, 5, 0, 2, 0.15, 8049, 92, 1032, 0
2406, 0, 0, 7, 7, 1, 34.72%, 5, 0, 2, 0.18, 8051, 92, 1034, 0
2418, 0, 0, 7, 7, 1, 34.72%, 5, 0, 2, 0.16, 8059, 92, 1041, 0
2426, 0, 0, 7, 7, 1, 34.72%, 5, 0, 2, 0.16, 8062, 92, 1043, 0
2433, 0, 0, 7, 7, 1, 34.72%, 5, 0, 2, 0.15, 8063, 92, 1044, 0
2438, 0, 0, 7, 7, 1, 34.72%, 5, 0, 2, 1.72, 8071, 92, 1049, 0
2445, 0, 0, 7, 7, 1, 34.72%, 5, 0, 2, 0.16, 8075, 92, 1051, 0
2453, 0, 0, 7, 7, 1, 34.72%, 5, 0, 2, 0.19, 8077, 92, 1052, 0
2460, 0, 0, 7, 7, 1, 34.72%, 5, 0, 2, 0.19, 8078, 92, 1053, 0
2465, 0, 0, 7, 7, 1, 34.72%, 5, 0, 2, 1.58, 8086, 92, 1058, 0
2473, 0, 0, 7, 7, 1, 34.72%, 5, 0, 2, 0.15, 8090, 92, 1060, 0
2479, 0, 0, 7, 7, 1, 34.72%, 5, 0, 2, 0.15, 8091, 92, 1061, 0
2490, 0, 0, 7, 7, 1, 34.72%, 5, 0, 2, 0.15, 8097, 92, 1067, 0
2499, 0, 0, 7, 7, 1, 34.72%, 5, 0, 2, 0.29, 8101, 92, 1069, 0
2508, 0, 0, 7, 7, 1, 34.72%, 5, 0, 2, 0.30, 8103, 92, 1070, 0
2515, 0, 0, 7, 7, 1, 34.72%, 5, 0, 2, 0.29, 8104, 92, 1071, 0
2520, 0, 0, 7, 7, 1, 34.72%, 5, 0, 2, 1.86, 8112, 92, 1076, 0
2527, 0, 0, 7, 7, 1, 34.72%, 5, 0, 2, 0.16, 8115, 92, 1077, 0
2535, 0, 0, 7, 7, 1, 34.72%, 5, 0, 2, 0.19, 8117, 92, 1078, 0
2542, 0, 0, 7, 7, 1, 34.72%, 5, 0, 2, 0.18, 8118, 92, 1079, 0
2547, 0, 0, 7, 7, 1, 34.72%, 5, 0, 2, 3.28, 8123, 92, 1082, 0
2555, 0, 0, 7, 7, 1, 34.72%, 5, 0, 2, 0.16, 8126, 92, 1085, 0
2565, 0, 0, 7, 7, 1, 34.72%, 5, 0, 2, 0.30, 8133, 92, 1090, 0
2572, 0, 0, 7, 7, 1, 34.72%, 5, 0, 2, 0.31, 8135, 92, 1091, 0
2579, 0, 0, 7, 7, 1, 34.72%, 5, 0, 2, 0.30, 8136, 92, 1092, 0
2584, 0, 0, 7, 7, 1, 34.72%, 5, 0, 2, 1.46, 8144, 92, 1097, 0
2591, 0, 0, 7, 7, 1, 34.72%, 5, 0, 2, 0.15, 8147, 92, 1098, 0
2600, 0, 0, 7, 7, 1, 34.72%, 5, 0, 2, 0.17, 8149, 92, 1099, 0
2608, 0, 0, 7, 7, 1, 34.72%, 5, 0, 2, 0.17, 8150, 92, 1100, 0
2617, 0, 0, 7, 7, 1, 34.72%, 5, 0, 2, 1.33, 8154, 92, 1102, 0
2625, 0, 0, 7, 7, 1, 34.72%, 5, 0, 2, 0.16, 8156, 92, 1103, 0
2631, 0, 0, 7, 7, 1, 34.72%, 5, 0, 2, 0.16, 8157, 92, 1104, 0
2642, 0, 0, 7, 7, 1, 34.72%, 5, 0, 2, 0.27, 8162, 92, 1107, 0
2649, 0, 0, 7, 7, 1, 34.72%, 5, 0, 2, 0.27, 8163, 92, 1108, 0
2657, 0, 0, 7, 7, 1, 34.72%, 5, 0, 2, 0.17, 8166, 92, 1110, 0
2664, 0, 0, 7, 7, 1, 34.72%, 5, 0, 2, 0.17, 8167, 92, 1111, 0
2672, 0, 0, 7, 7, 1, 34.72%, 5, 0, 2, 0.19, 8169, 92, 1113, 0
2682, 0, 0, 7, 7, 1, 34.72%, 5, 0, 2, 0.16, 8172, 92, 1116, 0
2687, 0, 0, 7, 7, 1, 34.72%, 5, 0, 2, 1.97, 8179, 92, 1120, 0
2698, 0, 0, 7, 7, 1, 34.72%, 5, 0, 2, 0.15, 8190, 92, 1128, 0
2708, 0, 0, 7, 7, 1, 34.72%, 5, 0, 2, 1.13, 8194, 92, 1130, 0
2717, 0, 0, 7, 7, 1, 34.72%, 5, 0, 2, 0.16, 8196, 92, 1131, 0
2724, 0, 0, 7, 7, 1, 34.72%, 5, 0, 2, 0.16, 8197, 92, 1132, 0
2729, 0, 0, 7, 7, 1, 34.72%, 5, 0, 2, 1.48, 8200, 92, 1134, 0
2735, 0, 0, 7, 7, 1, 34.72%, 5, 0, 2, 0.15, 8201, 92, 1135, 0
2742, 0, 0, 7, 7, 1, 34.72%, 5, 0, 2, 0.15, 8202, 92, 1136, 0
2751, 0, 0, 7, 7, 1, 34.72%, 5, 0, 2, 0.15, 8205, 92, 1139, 0
2756, 0, 0, 7, 7, 1, 34.72%, 5, 0, 2, 2.08, 8209, 92, 1143, 0
2761, 0, 0, 7, 7, 1, 34.72%, 5, 0, 2, 2.47, 8221, 92, 1149, 0
2773, 0, 0, 7, 7, 1, 34.72%, 5, 0, 2, 0.28, 8233, 92, 1157, 0
2780, 0, 0, 7, 7, 1, 34.72%, 5, 0, 2, 0.27, 8234, 92, 1158, 0
2785, 0, 0, 7, 7, 1, 34.72%, 5, 0, 2, 0.35, 8237, 92, 1160, 0
2793, 0, 0, 7, 7, 1, 34.72%, 5, 0, 2, 0.56, 8241, 92, 1164, 0
2804, 0, 0, 7, 7, 1, 34.72%, 5, 0, 2, 0.67, 8246, 92, 1167, 0
2812, 0, 0, 7, 7, 1, 34.72%, 5, 0, 2, 0.62, 8248, 92, 1168, 0
2820, 0, 0, 7, 7, 1, 34.72%, 5, 0, 2, 0.59, 8249, 92, 1169, 0
2825, 0, 0, 7, 7, 1, 34.72%, 5, 0, 2, 6.69, 8259, 92, 1174, 0
2832, 0, 0, 7, 7, 1, 34.72%, 5, 0, 2, 0.15, 8261, 92, 1176, 0
2838, 0, 0, 7, 7, 1, 34.72%, 5, 0, 2, 1.66, 8268, 92, 1181, 0
2845, 0, 0, 7, 7, 1, 34.72%, 5, 0, 2, 0.30, 8270, 92, 1182, 0
2852, 0, 0, 7, 7, 1, 34.72%, 5, 0, 2, 0.29, 8271, 92, 1183, 0
2860, 0, 0, 7, 7, 1, 34.72%, 5, 0, 2, 0.29, 8273, 92, 1185, 0
2865, 0, 0, 7, 7, 1, 34.72%, 5, 0, 2, 1.88, 8281, 92, 1190, 0
2876, 0, 0, 7, 7, 1, 34.72%, 5, 0, 2, 0.15, 8293, 92, 1197, 0
2882, 0, 0, 7, 7, 1, 34.72%, 5, 0, 2, 1.60, 8300, 92, 1202, 0
2887, 0, 0, 7, 7, 1, 34.72%, 5, 0, 2, 2.23, 8314, 92, 1211, 0
2895, 0, 0, 7, 7, 1, 34.72%, 5, 0, 2, 0.15, 8319, 92, 1214, 0
2903, 0, 0, 7, 7, 1, 34.72%, 5, 0, 2, 0.17, 8321, 92, 1215, 0
2911, 0, 0, 7, 7, 1, 34.72%, 5, 0, 2, 0.17, 8322, 92, 1216, 0
2917, 0, 0, 7, 7, 1, 34.72%, 5, 0, 2, 2.25, 8329, 92, 1220, 0
2927, 0, 0, 7, 7, 1, 34.72%, 5, 0, 2, 0.28, 8338, 92, 1226, 0
2934, 0, 0, 7, 7, 1, 34.72%, 5, 0, 2, 0.27, 8339, 92, 1227, 0
2945, 0, 0, 7, 7, 1, 34.72%, 5, 0, 2, 0.16, 8347, 92, 1232, 0
2952, 0, 0, 7, 7, 1, 34.72%, 5, 0, 2, 0.19, 8349, 92, 1233, 0
2959, 0, 0, 7, 7, 1, 34.72%, 5, 0, 2, 0.19, 8350, 92, 1234, 0
2968, 0, 0, 7, 7, 1, 34.72%, 5, 0, 2, 0.31, 8355, 92, 1237, 0
2976, 0, 0, 7, 7, 1, 34.72%, 5, 0, 2, 0.32, 8357, 92, 1238, 0
2984, 0, 0, 7, 7, 1, 34.72%, 5, 0, 2, 0.31, 8358, 92, 1239, 0
2989, 0, 0, 7, 7, 1, 34.72%, 5, 0, 2, 2.30, 8365, 92, 1243, 0
2996, 0, 0, 7, 7, 1, 34.72%, 5, 0, 2, 0.16, 8370, 92, 1246, 0
3004, 0, 0, 7, 7, 1, 34.72%, 5, 0, 2, 0.18, 8372, 92, 1247, 0
3011, 0, 0, 7, 7, 1, 34.72%, 5, 0, 2, 0.18, 8373, 92, 1248, 0
3021, 0, 0, 7, 7, 1, 34.72%, 5, 0, 2, 0.16, 8377, 92, 1251, 0
3029, 0, 0, 7, 7, 1, 34.72%, 5, 0, 2, 0.16, 8378, 92, 1252, 0
3038, 0, 0, 7, 7, 1, 34.72%, 5, 0, 2, 0.15, 8381, 92, 1255, 0
3043, 0, 0, 7, 7, 1, 34.72%, 5, 0, 2, 2.51, 8389, 92, 1263, 0
3051, 0, 0, 7, 7, 1, 34.72%, 5, 0, 2, 0.16, 8393, 92, 1265, 0
3056, 0, 0, 7, 7, 1, 34.72%, 5, 0, 2, 1.68, 8401, 92, 1270, 0
3063, 0, 0, 7, 7, 1, 34.72%, 5, 0, 2, 0.30, 8404, 92, 1272, 0
3070, 0, 0, 7, 7, 1, 34.72%, 5, 0, 2, 0.29, 8405, 92, 1273, 0
3079, 0, 0, 7, 7, 1, 34.72%, 5, 0, 2, 0.37, 8409, 92, 1275, 0
3087, 0, 0, 7, 7, 1, 34.72%, 5, 0, 2, 0.37, 8411, 92, 1276, 0
3094, 0, 0, 7, 7, 1, 34.72%, 5, 0, 2, 0.36, 8412, 92, 1277, 0
3104, 0, 0, 7, 7, 1, 34.72%, 5, 0, 2, 0.16, 8420, 92, 1283, 0
3111, 0, 0, 7, 7, 1, 34.72%, 5, 0, 2, 0.16, 8421, 92, 1284, 0
3118, 0, 0, 7, 7, 1, 34.72%, 5, 0, 2, 0.14, 8423, 92, 1286, 0
3128, 0, 0, 7, 7, 1, 34.72%, 5, 0, 2, 0.28, 8427, 92, 1288, 0
3136, 0, 0, 7, 7, 1, 34.72%, 5, 0, 2, 0.29, 8429, 92, 1289, 0
3143, 0, 0, 7, 7, 1, 34.72%, 5, 0, 2, 0.28, 8430, 92, 1290, 0
3149, 0, 0, 7, 7, 1, 34.72%, 5, 0, 2, 2.31, 8438, 92, 1295, 0
3158, 0, 0, 7, 7, 1, 34.72%, 5, 0, 2, 0.15, 8448, 92, 1300, 0
3165, 0, 0, 7, 7, 1, 34.72%, 5, 0, 2, 0.15, 8449, 92, 1301, 0
3174, 0, 0, 7, 7, 1, 34.72%, 5, 0, 2, 0.16, 8452, 92, 1304, 0
3183, 0, 0, 7, 7, 1, 34.72%, 5, 0, 2, 0.16, 8455, 92, 1307, 0
3192, 0, 0, 7, 7, 1, 34.72%, 5, 0, 2, 0.17, 8461, 92, 1311, 0
3198, 0, 0, 7, 7, 1, 34.72%, 5, 0, 2, 2.19, 8467, 92, 1314, 0
3209, 0, 0, 7, 7, 1, 34.72%, 5, 0, 2, 0.29, 8479, 92, 1322, 0
3216, 0, 0, 7, 7, 1, 34.72%, 5, 0, 2, 0.28, 8480, 92, 1323, 0
3226, 0, 0, 7, 7, 1, 34.72%, 5, 0, 2, 0.16, 8483, 92, 1326, 0
3231, 0, 0, 7, 7, 1, 34.72%, 5, 0, 2, 1.38, 8487, 92, 1330, 0
3236, 0, 0, 7, 7, 1, 34.72%, 5, 0, 2, 2.17, 8500, 92, 1337, 0
3248, 0, 0, 7, 7, 1, 34.72%, 5, 0, 2, 0.14, 8512, 92, 1344, 0
3255, 0, 0, 7, 7, 1, 34.72%, 5, 0, 2, 0.16, 8514, 92, 1345, 0
3263, 0, 0, 7, 7, 1, 34.72%, 5, 0, 2, 0.16, 8515, 92, 1346, 0
3274, 0, 0, 7, 7, 1, 34.72%, 5, 0, 2, 1.36, 8523, 92, 1351, 0
3281, 0, 0, 7, 7, 1, 34.72%, 5, 0, 2, 0.15, 8524, 92, 1352, 0
3289, 0, 0, 7, 7, 1, 34.72%, 5, 0, 2, 0.16, 8527, 92, 1354, 0
3296, 0, 0, 7, 7, 1, 34.72%, 5, 0, 2, 0.16, 8528, 92, 1355, 0
3301, 0, 0, 7, 7, 1, 34.72%, 5, 0, 2, 1.52, 8533, 92, 1359, 0
3307, 0, 0, 7, 7, 1, 34.72%, 5, 0, 2, 5.63, 8546, 92, 1366, 0
3317, 0, 0, 7, 7, 1, 34.72%, 5, 0, 2, 0.15, 8555, 92, 1373, 0
3328, 0, 0, 7, 7, 1, 34.72%, 5, 0, 2, 0.30, 8560, 92, 1376, 0
3337, 0, 0, 7, 7, 1, 34.72%, 5, 0, 2, 0.29, 8561, 92, 1377, 0
3342, 0, 0, 7, 7, 1, 34.72%, 5, 0, 2, 1.80, 8566, 92, 1381, 0
3349, 0, 0, 7, 7, 1, 34.72%, 5, 0, 2, 0.15, 8567, 92, 1382, 0
3354, 0, 0, 7, 7, 1, 34.72%, 5, 0, 2, 1.43, 8574, 92, 1386, 0
3362, 0, 0, 7, 7, 1, 34.72%, 5, 0, 2, 0.29, 8580, 92, 1389, 0
3369, 0, 0, 7, 7, 1, 34.72%, 5, 0, 2, 0.28, 8581, 92, 1390, 0
3379, 0, 0, 7, 7, 1, 34.72%, 5, 0, 2, 0.16, 8587, 92, 1394, 0
3385, 0, 0, 7, 7, 1, 34.72%, 5, 0, 2, 1.24, 8594, 92, 1399, 0
3391, 0, 0, 7, 7, 1, 34.72%, 5, 0, 2, 1.18, 8596, 92, 1400, 0
3401, 0, 0, 7, 7, 1, 34.72%, 5, 0, 2, 0.11, 8597, 92, 1401, 0
3406, 0, 0, 7, 7, 1, 34.72%, 5, 0, 2, 7.38, 8605, 92, 1406, 0
3415, 0, 0, 7, 7, 1, 34.72%, 5, 0, 2, 0.15, 8613, 92, 1411, 0
3424, 0, 0, 7, 7, 1, 34.72%, 5, 0, 2, 0.16, 8615, 92, 1412, 0
3431, 0, 0, 7, 7, 1, 34.72%, 5, 0, 2, 0.16, 8616, 92, 1413, 0
3437, 0, 0, 7, 7, 1, 34.72%, 5, 0, 2, 1.87, 8624, 92, 1418, 0
3442, 0, 0, 7, 7, 1, 34.72%, 5, 0, 2, 2.45, 8637, 92, 1426, 0
3450, 0, 0, 7, 7, 1, 34.72%, 5, 0, 2, 0.12, 8639, 92, 1428, 0
3464, 0, 0, 7, 7, 1, 34.72%, 5, 0, 2, 0.11, 8645, 92, 1434, 0
3469, 0, 0, 7, 7, 1, 34.72%, 5, 0, 2, 1.63, 8653, 92, 1439, 0
3476, 0, 0, 7, 7, 1, 34.72%, 5, 0, 2, 0.14, 8654, 92, 1440, 0
3482, 0, 0, 7, 7, 1, 34.72%, 5, 0, 2, 2.14, 8661, 92, 1446, 0
3489, 0, 0, 7, 7, 1, 34.72%, 5, 0, 2, 0.15, 8663, 92, 1448, 0
3496, 0, 0, 7, 7, 1, 34.72%, 5, 0, 2, 0.15, 8664, 92, 1449, 0
3501, 0, 0, 7, 7, 1, 34.72%, 5, 0, 2, 0.41, 8668, 92, 1453, 0
3506, 0, 0, 7, 7, 1, 34.72%, 5, 0, 2, 0.77, 8675, 92, 1460, 0
3515, 0, 0, 7, 7, 1, 34.72%, 5, 0, 2, 0.15, 8681, 92, 1463, 0
3521, 0, 0, 7, 7, 1, 34.72%, 5, 0, 2, 1.09, 8686, 92, 1468, 0
3531, 0, 0, 7, 7, 1, 34.72%, 5, 0, 2, 0.15, 8694, 92, 1473, 0
3538, 0, 0, 7, 7, 1, 34.72%, 5, 0, 2, 0.15, 8695, 92, 1474, 0
3546, 0, 0, 7, 7, 1, 34.72%, 5, 0, 2, 0.15, 8696, 92, 1475, 0
3551, 0, 0, 7, 7, 1, 34.72%, 5, 0, 2, 0.15, 8697, 92, 1476, 0
3558, 0, 0, 7, 7, 1, 34.72%, 5, 0, 2, 0.16, 8698, 92, 1477, 0
3563, 0, 0, 7, 7, 1, 34.72%, 5, 0, 2, 0.98, 8703, 92, 1482, 0
3569, 0, 0, 7, 7, 1, 34.72%, 5, 0, 2, 1.06, 8710, 92, 1489, 0
3575, 0, 0, 7, 7, 1, 34.72%, 5, 0, 2, 1.16, 8717, 92, 1496, 0
3580, 0, 0, 7, 7, 1, 34.72%, 5, 0, 2, 1.22, 8724, 92, 1503, 0
3585, 0, 0, 7, 7, 1, 34.72%, 5, 0, 2, 1.30, 8731, 92, 1510, 0
3595, 0, 0, 7, 7, 1, 34.72%, 5, 0, 2, 0.14, 8751, 92, 1511, 0
3601, 0, 0, 7, 7, 1, 34.72%, 5, 0, 2, 1.35, 8757, 92, 1517, 0
3607, 0, 0, 7, 7, 1, 34.72%, 5, 0, 2, 1.33, 8764, 92, 1524, 0
3612, 0, 0, 7, 7, 1, 34.72%, 5, 0, 2, 1.36, 8771, 92, 1531, 0
3617, 0, 0, 7, 7, 1, 34.72%, 5, 0, 2, 1.34, 8778, 92, 1538, 0
3622, 0, 0, 7, 7, 1, 34.72%, 5, 0, 2, 7.92, 8789, 92, 1544, 0
3629, 0, 0, 7, 7, 1, 34.72%, 5, 0, 2, 0.14, 8790, 92, 1545, 0
3637, 0, 0, 7, 7, 1, 34.72%, 5, 0, 2, 0.14, 8791, 92, 1546, 0
3642, 0, 0, 7, 7, 1, 34.72%, 5, 0, 2, 1.40, 8796, 92, 1551, 0
3652, 0, 0, 7, 7, 1, 34.72%, 5, 0, 2, 0.15, 8804, 92, 1556, 0
3658, 0, 0, 7, 7, 1, 34.72%, 5, 0, 2, 1.01, 8809, 92, 1561, 0
3664, 0, 0, 7, 7, 1, 34.72%, 5, 0, 2, 1.30, 8819, 92, 1568, 0
3669, 0, 0, 7, 7, 1, 34.72%, 5, 0, 2, 1.27, 8825, 92, 1574, 0
3677, 0, 0, 7, 7, 1, 34.72%, 5, 0, 2, 0.14, 8831, 92, 1576, 0
3682, 0, 0, 7, 7, 1, 34.72%, 5, 0, 2, 1.40, 8836, 92, 1581, 0
3693, 0, 0, 7, 7, 1, 34.72%, 5, 0, 2, 1.33, 8843, 92, 1586, 0
3701, 0, 0, 7, 7, 1, 34.72%, 5, 0, 2, 0.17, 8845, 92, 1587, 0
3707, 0, 0, 7, 7, 1, 34.72%, 5, 0, 2, 0.17, 8846, 92, 1588, 0
3712, 0, 0, 7, 7, 1, 34.72%, 5, 0, 2, 1.16, 8852, 92, 1594, 0
3718, 0, 0, 7, 7, 1, 34.72%, 5, 0, 2, 1.30, 8860, 92, 1602, 0
3723, 0, 0, 7, 7, 1, 34.72%, 5, 0, 2, 1.30, 8867, 92, 1609, 0
3729, 0, 0, 7, 7, 1, 34.72%, 5, 0, 2, 1.38, 8875, 92, 1617, 0
3734, 0, 0, 7, 7, 1, 34.72%, 5, 0, 2, 8.02, 8896, 92, 1621, 0
3739, 0, 0, 7, 7, 1, 34.72%, 5, 0, 2, 2.66, 8920, 92, 1627, 0
3744, 0, 0, 7, 7, 1, 34.72%, 5, 0, 2, 2.52, 8931, 92, 1635, 0
3749, 0, 0, 7, 7, 1, 34.72%, 5, 0, 2, 2.10, 8938, 92, 1642, 0
3755, 0, 0, 7, 7, 1, 34.72%, 5, 0, 2, 2.37, 8951, 92, 1650, 0
3760, 0, 0, 7, 7, 1, 34.72%, 5, 0, 2, 2.40, 8962, 92, 1658, 0
3766, 0, 0, 7, 7, 1, 34.72%, 5, 0, 2, 2.00, 8969, 92, 1665, 0
3771, 0, 0, 7, 7, 1, 34.72%, 5, 0, 2, 2.25, 8980, 92, 1672, 0
3777, 0, 0, 7, 7, 1, 34.72%, 5, 0, 2, 2.38, 8991, 92, 1680, 0
3783, 0, 0, 7, 7, 1, 34.72%, 5, 0, 2, 1.97, 8998, 92, 1687, 0
3788, 0, 0, 7, 7, 1, 34.72%, 5, 0, 2, 1.76, 9005, 92, 1694, 0
3793, 0, 0, 7, 7, 1, 34.72%, 5, 0, 2, 1.61, 9012, 92, 1701, 0
3798, 0, 0, 7, 7, 1, 34.72%, 5, 0, 2, 1.62, 9020, 92, 1709, 0
3803, 0, 0, 8, 8, 1, 35.09%, 5, 0, 2, 4.64, 9049, 93, 1712, 0
3811, 0, 0, 8, 8, 1, 35.09%, 5, 0, 2, 0.27, 9051, 93, 1713, 0
3817, 0, 0, 8, 8, 1, 35.09%, 5, 0, 2, 0.58, 9057, 93, 1719, 0
3822, 0, 0, 8, 8, 1, 35.09%, 5, 0, 2, 0.94, 9065, 93, 1727, 0
3828, 0, 0, 8, 8, 1, 35.09%, 5, 0, 2, 1.13, 9073, 93, 1735, 0
3834, 0, 0, 8, 8, 1, 35.09%, 5, 0, 2, 1.16, 9080, 93, 1742, 0
3839, 0, 0, 8, 8, 1, 35.09%, 5, 0, 2, 1.52, 9090, 93, 1747, 0
3847, 0, 0, 8, 8, 1, 35.09%, 5, 0, 2, 0.13, 9092, 93, 1749, 0
3858, 0, 0, 8, 8, 1, 35.09%, 5, 0, 2, 0.14, 9094, 93, 1751, 0
3863, 0, 0, 8, 8, 1, 35.09%, 5, 0, 2, 1.20, 9098, 93, 1755, 0
3875, 0, 0, 8, 8, 1, 35.09%, 5, 0, 2, 0.14, 9107, 93, 1761, 0
3881, 0, 0, 8, 8, 1, 35.09%, 5, 0, 2, 1.05, 9112, 93, 1766, 0
3886, 0, 0, 8, 8, 1, 35.09%, 5, 0, 2, 6.75, 9123, 93, 1774, 0
3891, 0, 0, 8, 8, 1, 35.09%, 5, 0, 2, 4.99, 9132, 93, 1781, 0
3897, 0, 0, 8, 8, 1, 35.09%, 5, 0, 2, 3.71, 9142, 93, 1789, 0
3902, 0, 0, 8, 8, 1, 35.09%, 5, 0, 2, 3.16, 9152, 93, 1796, 0
3907, 0, 0, 8, 8, 1, 35.09%, 5, 0, 2, 2.51, 9159, 93, 1803, 0
3912, 0, 0, 8, 8, 1, 35.09%, 5, 0, 2, 2.07, 9166, 93, 1810, 0
3918, 0, 0, 8, 8, 1, 35.09%, 5, 0, 2, 1.77, 9173, 93, 1817, 0
3923, 0, 0, 8, 8, 1, 35.09%, 5, 0, 2, 1.57, 9179, 93, 1823, 0
3928, 0, 0, 10, 10, 1, 36.60%, 5, 0, 2, 3.31, 9205, 97, 1826, 0
3934, 0, 0, 10, 10, 1, 36.60%, 5, 0, 2, 3.37, 9219, 97, 1832, 0
3939, 0, 0, 10, 10, 1, 36.60%, 5, 0, 2, 2.58, 9227, 97, 1840, 0
3944, 0, 0, 10, 10, 1, 36.60%, 5, 0, 2, 2.15, 9234, 97, 1847, 0
3950, 0, 0, 10, 10, 1, 36.60%, 5, 0, 2, 1.85, 9241, 97, 1854, 0
3955, 0, 0, 10, 10, 1, 36.60%, 5, 0, 2, 1.64, 9248, 97, 1861, 0
3961, 0, 0, 10, 10, 1, 36.60%, 5, 0, 2, 2.23, 9262, 97, 1870, 0
3966, 0, 0, 10, 10, 1, 36.60%, 5, 0, 2, 1.97, 9270, 97, 1878, 0
3971, 0, 0, 10, 10, 1, 36.60%, 5, 0, 2, 1.74, 9277, 97, 1885, 0
3977, 0, 0, 10, 10, 1, 36.60%, 5, 0, 2, 1.64, 9285, 97, 1893, 0
3983, 0, 0, 10, 10, 1, 36.60%, 5, 0, 2, 1.53, 9293, 97, 1901, 0
3988, 0, 0, 10, 10, 1, 36.60%, 5, 0, 2, 1.39, 9299, 97, 1907, 0
3994, 0, 0, 10, 10, 1, 36.60%, 5, 0, 2, 1.32, 9306, 97, 1914, 0
3999, 0, 0, 10, 10, 1, 36.60%, 5, 0, 2, 1.35, 9313, 97, 1921, 0
4005, 0, 0, 10, 10, 1, 36.60%, 5, 0, 2, 1.36, 9320, 97, 1928, 0
4010, 0, 0, 10, 10, 1, 36.60%, 5, 0, 2, 7.92, 9349, 97, 1931, 0
4015, 0, 0, 10, 10, 1, 36.60%, 5, 0, 2, 1.27, 9370, 97, 1936, 0
4021, 0, 0, 10, 10, 1, 36.60%, 5, 0, 2, 1.19, 9375, 97, 1941, 0
4027, 0, 0, 10, 10, 1, 36.60%, 5, 0, 2, 1.20, 9382, 97, 1948, 0
4032, 0, 0, 10, 10, 1, 36.60%, 5, 0, 2, 1.26, 9389, 97, 1955, 0
4037, 0, 0, 10, 10, 1, 36.60%, 5, 0, 2, 1.29, 9396, 97, 1962, 0
4043, 0, 0, 10, 10, 1, 36.60%, 5, 0, 2, 1.36, 9404, 97, 1970, 0
4049, 0, 0, 10, 10, 1, 36.60%, 5, 0, 2, 1.34, 9411, 97, 1977, 0
4054, 0, 0, 10, 10, 1, 36.60%, 5, 0, 2, 1.34, 9418, 97, 1984, 0
4059, 0, 0, 10, 10, 1, 36.60%, 5, 0, 2, 1.37, 9425, 97, 1991, 0
4064, 0, 0, 10, 10, 1, 36.60%, 5, 0, 2, 7.81, 9434, 97, 1998, 0
4071, 0, 0, 10, 10, 1, 36.60%, 5, 0, 2, 0.28, 9438, 97, 1999, 0
4082, 0, 0, 10, 10, 1, 36.60%, 5, 0, 2, 0.27, 9443, 97, 2000, 0
4090, 0, 0, 10, 10, 1, 36.60%, 5, 0, 2, 0.16, 9447, 97, 2001, 0
4099, 0, 0, 10, 10, 1, 36.60%, 5, 0, 2, 0.19, 9450, 97, 2002, 0
4109, 0, 0, 10, 10, 1, 36.60%, 5, 0, 2, 0.19, 9452, 97, 2003, 0
4117, 0, 0, 10, 10, 1, 36.60%, 5, 0, 2, 0.19, 9453, 97, 2004, 0
4122, 0, 0, 10, 10, 1, 36.60%, 5, 0, 2, 1.15, 9458, 97, 2009, 0
4127, 0, 0, 10, 10, 1, 36.60%, 5, 0, 2, 1.16, 9464, 97, 2015, 0
4133, 0, 0, 10, 10, 1, 36.60%, 5, 0, 2, 1.22, 9471, 97, 2021, 0
4138, 0, 0, 10, 10, 1, 36.60%, 5, 0, 2, 1.26, 9487, 97, 2027, 0
4143, 0, 0, 10, 10, 1, 36.60%, 5, 0, 2, 1.30, 9494, 97, 2034, 0
4148, 0, 0, 10, 10, 1, 36.60%, 5, 0, 2, 7.17, 9506, 97, 2041, 0
4154, 0, 0, 10, 10, 1, 36.60%, 5, 0, 2, 4.77, 9516, 97, 2050, 0
4160, 0, 0, 10, 10, 1, 36.60%, 5, 0, 2, 3.50, 9523, 97, 2057, 0
4165, 0, 0, 10, 10, 1, 36.60%, 5, 0, 2, 4.09, 9539, 97, 2063, 0
4170, 0, 0, 10, 10, 1, 36.60%, 5, 0, 2, 3.02, 9547, 97, 2071, 0
4175, 0, 0, 10, 10, 1, 36.60%, 5, 0, 2, 2.43, 9554, 97, 2078, 0
4181, 0, 0, 10, 10, 1, 36.60%, 5, 0, 2, 2.80, 9568, 97, 2086, 0
4186, 0, 0, 10, 10, 1, 36.60%, 5, 0, 2, 2.24, 9576, 97, 2094, 0
4192, 0, 0, 10, 10, 1, 36.60%, 5, 0, 2, 1.94, 9584, 97, 2102, 0
4198, 0, 0, 10, 10, 1, 36.60%, 5, 0, 2, 1.67, 9591, 97, 2109, 0
4203, 0, 0, 10, 10, 1, 36.60%, 5, 0, 2, 1.56, 9598, 97, 2116, 0
4208, 0, 0, 10, 10, 1, 36.60%, 5, 0, 2, 1.49, 9605, 97, 2123, 0
4214, 0, 0, 10, 10, 1, 36.60%, 5, 0, 2, 1.41, 9612, 97, 2130, 0
4219, 0, 0, 10, 10, 1, 36.60%, 5, 0, 2, 1.39, 9619, 97, 2137, 0
4225, 0, 0, 10, 10, 1, 36.60%, 5, 0, 2, 1.36, 9626, 97, 2144, 0
4230, 0, 0, 10, 10, 1, 36.60%, 5, 0, 2, 7.81, 9643, 97, 2149, 0
4240, 0, 0, 10, 10, 1, 36.60%, 5, 0, 2, 0.28, 9669, 97, 2150, 0
4248, 0, 0, 10, 10, 1, 36.60%, 5, 0, 2, 0.28, 9671, 97, 2151, 0
4257, 0, 0, 10, 10, 1, 36.60%, 5, 0, 2, 0.27, 9672, 97, 2152, 0
4262, 0, 0, 10, 10, 1, 36.60%, 5, 0, 2, 1.38, 9676, 97, 2156, 0
4268, 0, 0, 10, 10, 1, 36.60%, 5, 0, 2, 1.35, 9683, 97, 2163, 0
4273, 0, 0, 10, 10, 1, 36.60%, 5, 0, 2, 1.31, 9689, 97, 2169, 0
4278, 0, 0, 10, 10, 1, 36.60%, 5, 0, 2, 1.31, 9696, 97, 2176, 0
4284, 0, 0, 10, 10, 1, 36.60%, 5, 0, 2, 1.38, 9704, 97, 2184, 0
4289, 0, 0, 10, 10, 1, 36.60%, 5, 0, 2, 1.39, 9711, 97, 2191, 0
4294, 0, 0, 10, 10, 1, 36.60%, 5, 0, 2, 1.36, 9718, 97, 2198, 0
4300, 0, 0, 10, 10, 1, 36.60%, 5, 0, 2, 1.33, 9725, 97, 2205, 0
4305, 0, 0, 10, 10, 1, 36.60%, 5, 0, 2, 1.36, 9732, 97, 2212, 0
4310, 0, 0, 10, 10, 1, 36.60%, 5, 0, 2, 7.60, 9745, 97, 2218, 0
4322, 0, 0, 10, 10, 1, 36.60%, 5, 0, 2, 0.14, 9761, 97, 2226, 0
4327, 0, 0, 10, 10, 1, 36.60%, 5, 0, 2, 1.01, 9766, 97, 2231, 0
4333, 0, 0, 10, 10, 1, 36.60%, 5, 0, 2, 1.11, 9773, 97, 2238, 0
4338, 0, 0, 10, 10, 1, 36.60%, 5, 0, 2, 7.28, 9787, 97, 2243, 0
4345, 0, 0, 10, 10, 1, 36.60%, 5, 0, 2, 0.27, 9789, 97, 2244, 0
4353, 0, 0, 10, 10, 1, 36.60%, 5, 0, 2, 0.26, 9790, 97, 2245, 0
4358, 0, 0, 10, 10, 1, 36.60%, 5, 0, 2, 0.56, 9796, 97, 2251, 0
4364, 0, 0, 10, 10, 1, 36.60%, 5, 0, 2, 0.91, 9804, 97, 2259, 0
4369, 0, 0, 10, 10, 1, 36.60%, 5, 0, 2, 1.18, 9814, 97, 2265, 0
4375, 0, 0, 10, 10, 1, 36.60%, 5, 0, 2, 1.33, 9822, 97, 2273, 0
4380, 0, 0, 10, 10, 1, 36.60%, 5, 0, 2, 1.35, 9829, 97, 2280, 0
4389, 0, 0, 10, 10, 1, 36.60%, 5, 0, 2, 0.28, 9840, 97, 2282, 0
4394, 0, 0, 10, 10, 1, 36.60%, 5, 0, 2, 0.49, 9845, 97, 2287, 0
4400, 0, 0, 10, 10, 1, 36.60%, 5, 0, 2, 0.79, 9852, 97, 2294, 0
4405, 0, 0, 10, 10, 1, 36.60%, 5, 0, 2, 7.30, 9863, 97, 2301, 0
4411, 0, 0, 10, 10, 1, 36.60%, 5, 0, 2, 4.93, 9871, 97, 2309, 0
4416, 0, 0, 10, 10, 1, 36.60%, 5, 0, 2, 3.51, 9879, 97, 2317, 0
4422, 0, 0, 10, 10, 1, 36.60%, 5, 0, 2, 2.73, 9886, 97, 2324, 0
4427, 0, 0, 10, 10, 1, 36.60%, 5, 0, 2, 2.22, 9893, 97, 2331, 0
4432, 0, 0, 10, 10, 1, 36.60%, 5, 0, 2, 1.87, 9900, 97, 2338, 0
4438, 0, 0, 10, 10, 1, 36.60%, 5, 0, 2, 1.65, 9906, 97, 2344, 0
4443, 0, 0, 10, 10, 1, 36.60%, 5, 0, 2, 1.51, 9912, 97, 2350, 0
4448, 0, 0, 10, 10, 1, 36.60%, 5, 0, 2, 1.53, 9920, 97, 2358, 0
4453, 0, 0, 10, 10, 1, 36.60%, 5, 0, 2, 1.48, 9927, 97, 2365, 0
4458, 0, 0, 10, 10, 1, 36.60%, 5, 0, 2, 5.83, 9964, 97, 2366, 0
4463, 0, 0, 10, 10, 1, 36.60%, 5, 0, 2, 4.14, 9972, 97, 2374, 0
4469, 0, 0, 10, 10, 1, 36.60%, 5, 0, 2, 3.05, 9980, 97, 2382, 0
4474, 0, 0, 10, 10, 1, 36.60%, 5, 0, 2, 2.45, 9987, 97, 2389, 0
4479, 0, 0, 10, 10, 1, 36.60%, 5, 0, 2, 2.05, 9994, 97, 2396, 0
4485, 0, 0, 10, 10, 1, 36.60%, 5, 0, 2, 1.77, 10000, 97, 2402, 0
4490, 0, 0, 10, 10, 1, 36.60%, 5, 0, 2, 1.62, 10008, 97, 2410, 0
4496, 0, 0, 10, 10, 1, 36.60%, 5, 0, 2, 1.50, 10015, 97, 2417, 0
4501, 0, 0, 10, 10, 1, 36.60%, 5, 0, 2, 1.44, 10022, 97, 2424, 0
4507, 0, 0, 10, 10, 1, 36.60%, 5, 0, 2, 1.38, 10029, 97, 2431, 0
4517, 0, 0, 10, 10, 1, 36.60%, 5, 0, 2, 0.13, 10039, 97, 2435, 0
4527, 0, 0, 10, 10, 1, 36.60%, 5, 0, 2, 0.15, 10042, 97, 2438, 0
4533, 0, 0, 10, 10, 1, 36.60%, 5, 0, 2, 1.10, 10046, 97, 2442, 0
4538, 0, 0, 10, 10, 1, 36.60%, 5, 0, 2, 1.21, 10053, 97, 2449, 0
4543, 0, 0, 10, 10, 1, 36.60%, 5, 0, 2, 2.16, 10064, 97, 2454, 0
4548, 0, 0, 10, 10, 1, 36.60%, 5, 0, 2, 2.14, 10074, 97, 2461, 0
4553, 0, 0, 10, 10, 1, 36.60%, 5, 0, 2, 1.89, 10082, 97, 2469, 0
4559, 0, 0, 10, 10, 1, 36.60%, 5, 0, 2, 2.35, 10095, 97, 2476, 0
4564, 0, 0, 10, 10, 1, 36.60%, 5, 0, 2, 2.05, 10103, 97, 2484, 0
4569, 0, 0, 10, 10, 1, 36.60%, 5, 0, 2, 1.77, 10110, 97, 2491, 0
4575, 0, 0, 10, 10, 1, 36.60%, 5, 0, 2, 2.79, 10127, 97, 2498, 0
4580, 0, 0, 10, 10, 1, 36.60%, 5, 0, 2, 2.29, 10134, 97, 2505, 0
4585, 0, 0, 10, 10, 1, 36.60%, 5, 0, 2, 2.39, 10143, 97, 2512, 0
4593, 0, 0, 10, 10, 1, 36.60%, 5, 0, 2, 0.26, 10145, 97, 2513, 0
4602, 0, 0, 10, 10, 1, 36.60%, 5, 0, 2, 0.16, 10148, 97, 2514, 0
4610, 0, 0, 10, 10, 1, 36.60%, 5, 0, 2, 0.17, 10150, 97, 2515, 0
4618, 0, 0, 10, 10, 1, 36.60%, 5, 0, 2, 0.17, 10151, 97, 2516, 0
4623, 0, 0, 10, 10, 1, 36.60%, 5, 0, 2, 1.39, 10156, 97, 2521, 0
4629, 0, 0, 10, 10, 1, 36.60%, 5, 0, 2, 1.40, 10163, 97, 2528, 0
4634, 0, 0, 10, 10, 1, 36.60%, 5, 0, 2, 1.32, 10169, 97, 2534, 0
4639, 0, 0, 10, 10, 1, 36.60%, 5, 0, 2, 1.34, 10176, 97, 2541, 0
4644, 0, 0, 10, 10, 1, 36.60%, 5, 0, 2, 1.34, 10183, 97, 2548, 0
4650, 0, 0, 10, 10, 1, 36.60%, 5, 0, 2, 1.43, 10191, 97, 2556, 0
4655, 0, 0, 10, 10, 1, 36.60%, 5, 0, 2, 1.43, 10198, 97, 2563, 0
4660, 0, 0, 10, 10, 1, 36.60%, 5, 0, 2, 1.49, 10206, 97, 2571, 0
4665, 0, 0, 10, 10, 1, 36.60%, 5, 0, 2, 1.47, 10214, 97, 2579, 0
4670, 0, 0, 10, 10, 1, 36.60%, 5, 0, 2, 8.06, 10241, 97, 2581, 0
4680, 0, 0, 10, 10, 1, 36.60%, 5, 0, 2, 0.14, 10256, 97, 2582, 0
4685, 0, 0, 10, 10, 1, 36.60%, 5, 0, 2, 1.15, 10261, 97, 2587, 0
4690, 0, 0, 10, 10, 1, 36.60%, 5, 0, 2, 1.24, 10268, 97, 2594, 0
4695, 0, 0, 10, 10, 1, 36.60%, 5, 0, 2, 1.26, 10275, 97, 2601, 0
4700, 0, 0, 10, 10, 1, 36.60%, 5, 0, 2, 1.30, 10282, 97, 2608, 0
4706, 0, 0, 10, 10, 1, 36.60%, 5, 0, 2, 1.33, 10289, 97, 2615, 0
4711, 0, 0, 10, 10, 1, 36.60%, 5, 0, 2, 1.29, 10296, 97, 2622, 0
4717, 0, 0, 10, 10, 1, 36.60%, 5, 0, 2, 1.33, 10303, 97, 2629, 0
4722, 0, 0, 10, 10, 1, 36.60%, 5, 0, 2, 1.35, 10310, 97, 2636, 0
4727, 0, 0, 10, 10, 1, 36.60%, 5, 0, 2, 1.34, 10317, 97, 2643, 0
4738, 0, 0, 10, 10, 1, 36.60%, 5, 0, 2, 0.14, 10329, 97, 2649, 0
4744, 0, 0, 10, 10, 1, 36.60%, 5, 0, 2, 1.49, 10334, 97, 2654, 0
4749, 0, 0, 10, 10, 1, 36.60%, 5, 0, 2, 1.53, 10342, 97, 2662, 0
4754, 0, 0, 10, 10, 1, 36.60%, 5, 0, 2, 1.42, 10348, 97, 2668, 0
4759, 0, 0, 10, 10, 1, 36.60%, 5, 0, 2, 6.42, 10360, 97, 2673, 0
4765, 0, 0, 10, 10, 1, 36.60%, 5, 0, 2, 4.41, 10368, 97, 2681, 0
4770, 0, 0, 10, 10, 1, 36.60%, 5, 0, 2, 3.94, 10378, 97, 2687, 0
4778, 0, 0, 10, 10, 1, 36.60%, 5, 0, 2, 0.13, 10379, 97, 2688, 0
4786, 0, 0, 10, 10, 1, 36.60%, 5, 0, 2, 0.13, 10380, 97, 2689, 0
4792, 0, 0, 10, 10, 1, 36.60%, 5, 0, 2, 1.25, 10385, 97, 2694, 0
4797, 0, 0, 10, 10, 1, 36.60%, 5, 0, 2, 1.35, 10393, 97, 2702, 0
4809, 0, 0, 10, 10, 1, 36.60%, 5, 0, 2, 0.28, 10407, 97, 2706, 0
4814, 0, 0, 10, 10, 1, 36.60%, 5, 0, 2, 0.39, 10410, 97, 2709, 0
4819, 0, 0, 10, 10, 1, 36.60%, 5, 0, 2, 0.72, 10417, 97, 2716, 0
4824, 0, 0, 10, 10, 1, 36.60%, 5, 0, 2, 7.87, 10427, 97, 2723, 0
4830, 0, 0, 10, 10, 1, 36.60%, 5, 0, 2, 5.41, 10438, 97, 2731, 0
4835, 0, 0, 10, 10, 1, 36.60%, 5, 0, 2, 3.83, 10446, 97, 2739, 0
4840, 0, 0, 10, 10, 1, 36.60%, 5, 0, 2, 2.95, 10453, 97, 2746, 0
4846, 0, 0, 10, 10, 1, 36.60%, 5, 0, 2, 2.37, 10460, 97, 2753, 0
4851, 0, 0, 10, 10, 1, 36.60%, 5, 0, 2, 2.01, 10467, 97, 2760, 0
4856, 0, 0, 10, 10, 1, 36.60%, 5, 0, 2, 1.75, 10473, 97, 2766, 0
4861, 0, 0, 10, 10, 1, 36.60%, 5, 0, 2, 1.62, 10480, 97, 2773, 0
4866, 0, 0, 10, 10, 1, 36.60%, 5, 0, 2, 1.54, 10487, 97, 2780, 0
4871, 0, 0, 10, 10, 1, 36.60%, 5, 0, 2, 1.48, 10494, 97, 2787, 0
4876, 0, 0, 10, 10, 1, 36.60%, 5, 0, 2, 8.01, 10515, 97, 2792, 0
4882, 0, 0, 10, 10, 1, 36.60%, 5, 0, 2, 1.21, 10536, 97, 2798, 0
4887, 0, 0, 10, 10, 1, 36.60%, 5, 0, 2, 1.26, 10543, 97, 2805, 0
4892, 0, 0, 10, 10, 1, 36.60%, 5, 0, 2, 1.30, 10550, 97, 2812, 0
4897, 0, 0, 10, 10, 1, 36.60%, 5, 0, 2, 1.34, 10557, 97, 2819, 0
4903, 0, 0, 10, 10, 1, 36.60%, 5, 0, 2, 1.36, 10565, 97, 2827, 0
4909, 0, 0, 10, 10, 1, 36.60%, 5, 0, 2, 1.35, 10572, 97, 2834, 0
4914, 0, 0, 10, 10, 1, 36.60%, 5, 0, 2, 1.37, 10580, 97, 2842, 0
4920, 0, 0, 10, 10, 1, 36.60%, 5, 0, 2, 1.37, 10587, 97, 2849, 0
4925, 0, 0, 10, 10, 1, 36.60%, 5, 0, 2, 1.39, 10595, 97, 2857, 0
4935, 0, 0, 10, 10, 1, 36.60%, 5, 0, 2, 0.27, 10604, 97, 2861, 0
4941, 0, 0, 10, 10, 1, 36.60%, 5, 0, 2, 0.27, 10605, 97, 2861, 0
4948, 0, 0, 10, 10, 1, 36.60%, 5, 0, 2, 0.30, 10609, 97, 2862, 0
4957, 0, 0, 10, 10, 1, 36.60%, 5, 0, 2, 0.16, 10613, 97, 2863, 0
4966, 0, 0, 10, 10, 1, 36.60%, 5, 0, 2, 0.18, 10616, 97, 2864, 0
4973, 0, 0, 10, 10, 1, 36.60%, 5, 0, 2, 0.18, 10617, 97, 2864, 0
4980, 0, 0, 10, 10, 1, 36.60%, 5, 0, 2, 0.18, 10618, 97, 2865, 0
4987, 0, 0, 10, 10, 1, 36.60%, 5, 0, 2, 0.17, 10619, 97, 2866, 0
4996, 0, 0, 10, 10, 1, 36.60%, 5, 0, 2, 0.19, 10621, 97, 2868, 0
5003, 0, 0, 10, 10, 1, 36.60%, 5, 0, 2, 0.19, 10622, 97, 2869, 0
5008, 0, 0, 10, 10, 1, 36.60%, 5, 0, 2, 0.44, 10627, 97, 2874, 0
5013, 0, 0, 10, 10, 1, 36.60%, 5, 0, 2, 0.80, 10634, 97, 2881, 0
5019, 0, 0, 10, 10, 1, 36.60%, 5, 0, 2, 1.07, 10642, 97, 2889, 0
5024, 0, 0, 10, 10, 1, 36.60%, 5, 0, 2, 1.27, 10650, 97, 2897, 0
5029, 0, 0, 10, 10, 1, 36.60%, 5, 0, 2, 1.39, 10658, 97, 2905, 0
5034, 0, 0, 10, 10, 1, 36.60%, 5, 0, 2, 1.48, 10666, 97, 2913, 0
5039, 0, 0, 10, 10, 1, 36.60%, 5, 0, 2, 1.49, 10674, 97, 2921, 0
5045, 0, 0, 10, 10, 1, 36.60%, 5, 0, 2, 1.53, 10682, 97, 2929, 0
5050, 0, 0, 10, 10, 1, 36.60%, 5, 0, 2, 1.46, 10689, 97, 2936, 0
5056, 0, 0, 10, 10, 1, 36.60%, 5, 0, 2, 1.37, 10696, 97, 2943, 0
5061, 0, 0, 10, 10, 1, 36.60%, 5, 0, 2, 1.38, 10703, 97, 2950, 0
5066, 0, 0, 10, 10, 1, 36.60%, 5, 0, 2, 1.39, 10710, 97, 2957, 0
5071, 0, 0, 10, 10, 1, 36.60%, 5, 0, 2, 1.37, 10717, 97, 2964, 0
5077, 0, 0, 10, 10, 1, 36.60%, 5, 0, 2, 1.36, 10724, 97, 2971, 0
5082, 0, 0, 10, 10, 1, 36.60%, 5, 0, 2, 1.44, 10732, 97, 2979, 0
5088, 0, 0, 10, 10, 1, 36.60%, 5, 0, 2, 1.44, 10740, 97, 2987, 0
5093, 0, 0, 10, 10, 1, 36.60%, 5, 0, 2, 1.48, 10748, 97, 2995, 0
5098, 0, 0, 10, 10, 1, 36.60%, 5, 0, 2, 4.76, 10774, 97, 2998, 0
5103, 0, 0, 10, 10, 1, 36.60%, 5, 0, 2, 7.02, 10814, 97, 2998, 0
5113, 0, 0, 10, 10, 1, 36.60%, 5, 0, 2, 0.26, 10832, 97, 2999, 0
5120, 0, 0, 10, 10, 1, 36.60%, 5, 0, 2, 0.25, 10833, 97, 3000, 0
5126, 0, 0, 10, 10, 1, 36.60%, 5, 0, 2, 0.41, 10837, 97, 3004, 0
5131, 0, 0, 10, 10, 1, 36.60%, 5, 0, 2, 0.75, 10844, 97, 3011, 0
5137, 0, 0, 10, 10, 1, 36.60%, 5, 0, 2, 0.94, 10851, 97, 3018, 0
5142, 0, 0, 10, 10, 1, 36.60%, 5, 0, 2, 1.08, 10858, 97, 3025, 0
5147, 0, 0, 10, 10, 1, 36.60%, 5, 0, 2, 1.21, 10865, 97, 3032, 0
5152, 0, 0, 10, 10, 1, 36.60%, 5, 0, 2, 1.29, 10872, 97, 3039, 0
5158, 0, 0, 10, 10, 1, 36.60%, 5, 0, 2, 1.29, 10879, 97, 3046, 0
5163, 0, 0, 10, 10, 1, 36.60%, 5, 0, 2, 1.41, 10887, 97, 3054, 0
5168, 0, 0, 10, 10, 1, 36.60%, 5, 0, 2, 1.39, 10894, 97, 3061, 0
5173, 0, 0, 10, 10, 1, 36.60%, 5, 0, 2, 1.47, 10902, 97, 3069, 0
5179, 0, 0, 10, 10, 1, 36.60%, 5, 0, 2, 1.48, 10910, 97, 3077, 0
5184, 0, 0, 10, 10, 1, 36.60%, 5, 0, 2, 1.45, 10917, 97, 3084, 0
5189, 0, 0, 10, 10, 1, 36.60%, 5, 0, 2, 1.50, 10925, 97, 3092, 0
5194, 0, 0, 10, 10, 1, 36.60%, 5, 0, 2, 1.50, 10933, 97, 3100, 0
5200, 0, 0, 10, 10, 1, 36.60%, 5, 0, 2, 1.43, 10940, 97, 3107, 0
5205, 0, 0, 10, 10, 1, 36.60%, 5, 0, 2, 1.53, 10948, 97, 3115, 0
5210, 0, 0, 10, 10, 1, 36.60%, 5, 0, 2, 1.51, 10956, 97, 3123, 0
5215, 0, 0, 10, 10, 1, 36.60%, 5, 0, 2, 8.15, 10967, 97, 3129, 0
5221, 0, 0, 10, 10, 1, 36.60%, 5, 0, 2, 1.21, 10977, 97, 3137, 0
5226, 0, 0, 10, 10, 1, 36.60%, 5, 0, 2, 1.26, 10984, 97, 3144, 0
5231, 0, 0, 10, 10, 1, 36.60%, 5, 0, 2, 1.31, 10991, 97, 3151, 0
5237, 0, 0, 10, 10, 1, 36.60%, 5, 0, 2, 1.32, 10998, 97, 3158, 0
5242, 0, 0, 10, 10, 1, 36.60%, 5, 0, 2, 7.35, 11012, 97, 3164, 0
5247, 0, 0, 10, 10, 1, 36.60%, 5, 0, 2, 5.40, 11027, 97, 3171, 0
5252, 0, 0, 10, 10, 1, 36.60%, 5, 0, 2, 3.95, 11034, 97, 3178, 0
5258, 0, 0, 10, 10, 1, 36.60%, 5, 0, 2, 2.97, 11041, 97, 3185, 0
5263, 0, 0, 10, 10, 1, 36.60%, 5, 0, 2, 2.40, 11048, 97, 3192, 0
5268, 0, 0, 10, 10, 1, 36.60%, 5, 0, 2, 2.04, 11055, 97, 3199, 0
5276, 0, 0, 10, 10, 1, 36.60%, 5, 0, 2, 0.27, 11061, 97, 3200, 0
5284, 0, 0, 10, 10, 1, 36.60%, 5, 0, 2, 0.26, 11062, 97, 3201, 0
5289, 0, 0, 10, 10, 1, 36.60%, 5, 0, 2, 1.41, 11068, 97, 3207, 0
5294, 0, 0, 10, 10, 1, 36.60%, 5, 0, 2, 1.40, 11075, 97, 3214, 0
5300, 0, 0, 10, 10, 1, 36.60%, 5, 0, 2, 1.48, 11083, 97, 3222, 0
5305, 0, 0, 10, 10, 1, 36.60%, 5, 0, 2, 1.47, 11091, 97, 3230, 0
5311, 0, 0, 10, 10, 1, 36.60%, 5, 0, 2, 4.03, 11115, 97, 3235, 0
5316, 0, 0, 10, 10, 1, 36.60%, 5, 0, 2, 3.08, 11122, 97, 3242, 0
5321, 0, 0, 10, 10, 1, 36.60%, 5, 0, 2, 2.48, 11130, 97, 3250, 0
5327, 0, 0, 10, 10, 1, 36.60%, 5, 0, 2, 2.07, 11138, 97, 3258, 0
5332, 0, 0, 10, 10, 1, 36.60%, 5, 0, 2, 1.88, 11146, 97, 3266, 0
5337, 0, 0, 10, 10, 1, 36.60%, 5, 0, 2, 2.86, 11164, 97, 3274, 0
5342, 0, 0, 10, 10, 1, 36.60%, 5, 0, 2, 2.33, 11171, 97, 3281, 0
5347, 0, 0, 10, 10, 1, 36.60%, 5, 0, 2, 2.00, 11178, 97, 3288, 0
5353, 0, 0, 10, 10, 1, 36.60%, 5, 0, 2, 1.79, 11186, 97, 3296, 0
5358, 0, 0, 10, 10, 1, 36.60%, 5, 0, 2, 1.63, 11193, 97, 3303, 0
5363, 0, 0, 10, 10, 1, 36.60%, 5, 0, 2, 1.47, 11199, 97, 3309, 0
5369, 0, 0, 10, 10, 1, 36.60%, 5, 0, 2, 1.38, 11206, 97, 3316, 0
5374, 0, 0, 10, 10, 1, 36.60%, 5, 0, 2, 1.32, 11212, 97, 3322, 0
5379, 0, 0, 10, 10, 1, 36.60%, 5, 0, 2, 1.31, 11219, 97, 3329, 0
5385, 0, 0, 10, 10, 1, 36.60%, 5, 0, 2, 1.29, 11226, 97, 3336, 0
5390, 0, 0, 10, 10, 1, 36.60%, 5, 0, 2, 1.40, 11234, 97, 3344, 0
5396, 0, 0, 10, 10, 1, 36.60%, 5, 0, 2, 1.40, 11242, 97, 3352, 0
5401, 0, 0, 10, 10, 1, 36.60%, 5, 0, 2, 1.56, 11251, 97, 3361, 0
5406, 0, 0, 10, 10, 1, 36.60%, 5, 0, 2, 1.57, 11259, 97, 3369, 0
5412, 0, 0, 10, 10, 1, 36.60%, 5, 0, 2, 1.49, 11266, 97, 3376, 0
5417, 0, 0, 10, 10, 1, 36.60%, 5, 0, 2, 1.42, 11273, 97, 3383, 0
5422, 0, 0, 10, 10, 1, 36.60%, 5, 0, 2, 1.43, 11280, 97, 3390, 0
5428, 0, 0, 10, 10, 1, 36.60%, 5, 0, 2, 1.51, 11289, 97, 3399, 0
5433, 0, 0, 10, 10, 1, 36.60%, 5, 0, 2, 8.11, 11323, 97, 3401, 0
5438, 0, 0, 10, 10, 1, 36.60%, 5, 0, 2, 8.17, 11365, 97, 3401, 0
5443, 0, 0, 10, 10, 1, 36.60%, 5, 0, 2, 1.34, 11379, 97, 3409, 0
5449, 0, 0, 10, 10, 1, 36.60%, 5, 0, 2, 1.45, 11387, 97, 3417, 0
5454, 0, 0, 10, 10, 1, 36.60%, 5, 0, 2, 1.46, 11395, 97, 3425, 0
5460, 0, 0, 10, 10, 1, 36.60%, 5, 0, 2, 1.47, 11403, 97, 3433, 0
5465, 0, 0, 10, 10, 1, 36.60%, 5, 0, 2, 1.45, 11411, 97, 3441, 0
5471, 0, 0, 10, 10, 1, 36.60%, 5, 0, 2, 1.47, 11419, 97, 3449, 0
5476, 0, 0, 10, 10, 1, 36.60%, 5, 0, 2, 1.52, 11427, 97, 3457, 0
5481, 0, 0, 10, 10, 1, 36.60%, 5, 0, 2, 1.48, 11434, 97, 3464, 0
5487, 0, 0, 10, 10, 1, 36.60%, 5, 0, 2, 1.49, 11442, 97, 3472, 0
5492, 0, 0, 10, 10, 1, 36.60%, 5, 0, 2, 1.48, 11450, 97, 3480, 0
5498, 0, 0, 10, 10, 1, 36.60%, 5, 0, 2, 1.51, 11458, 97, 3488, 0
5503, 0, 0, 10, 10, 1, 36.60%, 5, 0, 2, 1.58, 11467, 97, 3497, 0
5508, 0, 0, 10, 10, 1, 36.60%, 5, 0, 2, 1.62, 11476, 97, 3506, 0
5514, 0, 0, 10, 10, 1, 36.60%, 5, 0, 2, 1.57, 11484, 97, 3514, 0
5519, 0, 0, 10, 10, 1, 36.60%, 5, 0, 2, 1.47, 11491, 97, 3521, 0
5525, 0, 0, 10, 10, 1, 36.60%, 5, 0, 2, 1.45, 11498, 97, 3528, 0
5530, 0, 0, 10, 10, 1, 36.60%, 5, 0, 2, 1.32, 11503, 97, 3533, 0
5542, 0, 0, 10, 10, 1, 36.60%, 5, 0, 2, 0.09, 11510, 97, 3534, 0
5553, 0, 0, 10, 10, 1, 36.60%, 5, 0, 2, 0.13, 11516, 97, 3535, 0
5563, 0, 0, 10, 10, 1, 36.60%, 5, 0, 2, 0.28, 11521, 97, 3536, 0
5571, 0, 0, 10, 10, 1, 36.60%, 5, 0, 2, 0.16, 11525, 97, 3537, 0
5580, 0, 0, 10, 10, 1, 36.60%, 5, 0, 2, 0.19, 11528, 97, 3538, 0
5589, 0, 0, 10, 10, 1, 36.60%, 5, 0, 2, 0.20, 11530, 97, 3539, 0
5596, 0, 0, 10, 10, 1, 36.60%, 5, 0, 2, 0.20, 11531, 97, 3540, 0
5604, 0, 0, 10, 10, 1, 36.60%, 5, 0, 2, 0.21, 11533, 97, 3542, 0
5609, 0, 0, 10, 10, 1, 36.60%, 5, 0, 2, 2.06, 11538, 97, 3547, 0
5615, 0, 0, 10, 10, 1, 36.60%, 5, 0, 2, 1.82, 11546, 97, 3555, 0
5620, 0, 0, 10, 10, 1, 36.60%, 5, 0, 2, 1.67, 11553, 97, 3562, 0
5625, 0, 0, 10, 10, 1, 36.60%, 5, 0, 2, 1.59, 11561, 97, 3570, 0
5630, 0, 0, 10, 10, 1, 36.60%, 5, 0, 2, 3.51, 11578, 97, 3576, 0
5638, 0, 0, 10, 10, 1, 36.60%, 5, 0, 2, 0.14, 11587, 97, 3577, 0
5644, 0, 0, 10, 10, 1, 36.60%, 5, 0, 2, 1.04, 11592, 97, 3582, 0
5649, 0, 0, 10, 10, 1, 36.60%, 5, 0, 2, 1.37, 11601, 97, 3591, 0
5654, 0, 0, 10, 10, 1, 36.60%, 5, 0, 2, 1.45, 11609, 97, 3599, 0
5659, 0, 0, 10, 10, 1, 36.60%, 5, 0, 2, 1.49, 11617, 97, 3607, 0
5669, 0, 0, 10, 10, 1, 36.60%, 5, 0, 2, 0.15, 11626, 97, 3611, 0
5679, 0, 0, 10, 10, 1, 36.60%, 5, 0, 2, 0.14, 11627, 97, 3612, 0
5684, 0, 0, 10, 10, 1, 36.60%, 5, 0, 2, 1.47, 11631, 97, 3616, 0
5689, 0, 0, 10, 10, 1, 36.60%, 5, 0, 2, 1.51, 11639, 97, 3624, 0
5695, 0, 0, 10, 10, 1, 36.60%, 5, 0, 2, 1.51, 11647, 97, 3632, 0
5700, 0, 0, 10, 10, 1, 36.60%, 5, 0, 2, 1.57, 11655, 97, 3640, 0
5705, 0, 0, 10, 10, 1, 36.60%, 5, 0, 2, 8.19, 11673, 97, 3645, 0
5712, 0, 0, 10, 10, 1, 36.60%, 5, 0, 2, 0.29, 11679, 97, 3646, 0
5717, 0, 0, 10, 10, 1, 36.60%, 5, 0, 2, 1.64, 11685, 97, 3652, 0
5723, 0, 0, 10, 10, 1, 36.60%, 5, 0, 2, 1.71, 11694, 97, 3661, 0
5728, 0, 0, 10, 10, 1, 36.60%, 5, 0, 2, 1.57, 11701, 97, 3668, 0
5733, 0, 0, 10, 10, 1, 36.60%, 5, 0, 2, 1.57, 11709, 97, 3676, 0
5739, 0, 0, 10, 10, 1, 36.60%, 5, 0, 2, 1.47, 11721, 97, 3683, 0
5744, 0, 0, 10, 10, 1, 36.60%, 5, 0, 2, 1.53, 11729, 97, 3691, 0
5749, 0, 0, 10, 10, 1, 36.60%, 5, 0, 2, 1.68, 11739, 97, 3701, 0
5755, 0, 0, 10, 10, 1, 36.60%, 5, 0, 2, 1.68, 11748, 97, 3710, 0
5761, 0, 0, 10, 10, 1, 36.60%, 5, 0, 2, 1.62, 11756, 97, 3718, 0
5766, 0, 0, 10, 10, 1, 36.60%, 5, 0, 2, 1.57, 11764, 97, 3726, 0
5771, 0, 0, 10, 10, 1, 36.60%, 5, 0, 2, 1.56, 11772, 97, 3734, 0
5776, 0, 0, 10, 10, 1, 36.60%, 5, 0, 2, 1.65, 11781, 97, 3743, 0
5782, 0, 0, 10, 10, 1, 36.60%, 5, 0, 2, 1.67, 11790, 97, 3752, 0
5787, 0, 0, 10, 10, 1, 36.60%, 5, 0, 2, 1.64, 11799, 97, 3761, 0
5793, 0, 0, 10, 10, 1, 36.60%, 5, 0, 2, 1.56, 11807, 97, 3769, 0
5798, 0, 0, 10, 10, 1, 36.60%, 5, 0, 2, 1.58, 11815, 97, 3777, 0
5804, 0, 0, 10, 10, 1, 36.60%, 5, 0, 2, 1.62, 11824, 97, 3786, 0
5809, 0, 0, 10, 10, 1, 36.60%, 5, 0, 2, 1.59, 11832, 97, 3794, 0
5815, 0, 0, 10, 10, 1, 36.60%, 5, 0, 2, 1.60, 11841, 97, 3803, 0
5820, 0, 0, 10, 10, 1, 36.60%, 5, 0, 2, 8.35, 11855, 97, 3809, 0
5825, 0, 0, 10, 10, 1, 36.60%, 5, 0, 2, 8.30, 11897, 97, 3809, 0
5830, 0, 0, 10, 10, 1, 36.60%, 5, 0, 2, 8.31, 11939, 97, 3809, 0
5836, 0, 0, 10, 10, 1, 36.60%, 5, 0, 2, 1.41, 11950, 97, 3818, 0
5841, 0, 0, 10, 10, 1, 36.60%, 5, 0, 2, 1.54, 11959, 97, 3827, 0
5846, 0, 0, 10, 10, 1, 36.60%, 5, 0, 2, 1.64, 11968, 97, 3836, 0
5852, 0, 0, 10, 10, 1, 36.60%, 5, 0, 2, 1.68, 11977, 97, 3845, 0
5857, 0, 0, 10, 10, 1, 36.60%, 5, 0, 2, 1.60, 11985, 97, 3853, 0
5863, 0, 0, 10, 10, 1, 36.60%, 5, 0, 2, 1.63, 11994, 97, 3862, 0
5868, 0, 0, 10, 10, 1, 36.60%, 5, 0, 2, 1.61, 12002, 97, 3870, 0
5873, 0, 0, 10, 10, 1, 36.60%, 5, 0, 2, 1.53, 12009, 97, 3877, 0
5878, 0, 0, 10, 10, 1, 36.60%, 5, 0, 2, 1.58, 12017, 97, 3885, 0
5883, 0, 0, 10, 10, 1, 36.60%, 5, 0, 2, 1.57, 12025, 97, 3893, 0
5889, 0, 0, 10, 10, 1, 36.60%, 5, 0, 2, 1.64, 12034, 97, 3902, 0
5894, 0, 0, 10, 10, 1, 36.60%, 5, 0, 2, 1.54, 12042, 97, 3910, 0
5900, 0, 0, 10, 10, 1, 36.60%, 5, 0, 2, 1.59, 12051, 97, 3919, 0
5905, 0, 0, 10, 10, 1, 36.60%, 5, 0, 2, 1.54, 12059, 97, 3927, 0
5911, 0, 0, 10, 10, 1, 36.60%, 5, 0, 2, 1.46, 12066, 97, 3934, 0
5916, 0, 0, 10, 10, 1, 36.60%, 5, 0, 2, 7.84, 12083, 97, 3941, 0
5921, 0, 0, 10, 10, 1, 36.60%, 5, 0, 2, 5.89, 12101, 97, 3948, 0
5930, 0, 0, 10, 10, 1, 36.60%, 5, 0, 2, 0.12, 12103, 97, 3950, 0
5935, 0, 0, 10, 10, 1, 36.60%, 5, 0, 2, 1.35, 12109, 97, 3956, 0
5941, 0, 0, 10, 10, 1, 36.60%, 5, 0, 2, 1.44, 12117, 97, 3964, 0
5947, 0, 0, 10, 10, 1, 36.60%, 5, 0, 2, 1.49, 12126, 97, 3973, 0
5952, 0, 0, 10, 10, 1, 36.60%, 5, 0, 2, 1.44, 12133, 97, 3980, 0
5957, 0, 0, 10, 10, 1, 36.60%, 5, 0, 2, 7.64, 12157, 97, 3983, 0
5962, 0, 0, 10, 10, 1, 36.60%, 5, 0, 2, 1.24, 12166, 97, 3991, 0
5968, 0, 0, 10, 10, 1, 36.60%, 5, 0, 2, 1.43, 12175, 97, 4000, 0
5973, 0, 0, 10, 10, 1, 36.60%, 5, 0, 2, 1.43, 12182, 97, 4007, 0
5978, 0, 0, 10, 10, 1, 36.60%, 5, 0, 2, 1.42, 12190, 97, 4015, 0
5988, 0, 0, 10, 10, 1, 36.60%, 5, 0, 2, 0.14, 12198, 97, 4019, 0
5996, 0, 0, 10, 10, 1, 36.60%, 5, 0, 2, 0.16, 12202, 97, 4020, 0
6005, 0, 0, 10, 10, 1, 36.60%, 5, 0, 2, 0.19, 12205, 97, 4021, 0
6013, 0, 0, 10, 10, 1, 36.60%, 5, 0, 2, 0.21, 12207, 97, 4022, 0
6020, 0, 0, 10, 10, 1, 36.60%, 5, 0, 2, 0.20, 12208, 97, 4023, 0
6025, 0, 0, 10, 10, 1, 36.60%, 5, 0, 2, 1.15, 12213, 97, 4028, 0
6031, 0, 0, 10, 10, 1, 36.60%, 5, 0, 2, 1.40, 12222, 97, 4037, 0
6036, 0, 0, 10, 10, 1, 36.60%, 5, 0, 2, 1.63, 12232, 97, 4047, 0
6042, 0, 0, 10, 10, 1, 36.60%, 5, 0, 2, 1.65, 12241, 97, 4056, 0
6052, 0, 0, 10, 10, 1, 36.60%, 5, 0, 2, 0.28, 12262, 97, 4057, 0
6057, 0, 0, 10, 10, 1, 36.60%, 5, 0, 2, 0.53, 12267, 97, 4062, 0
6062, 0, 0, 10, 10, 1, 36.60%, 5, 0, 2, 1.03, 12276, 97, 4071, 0
6068, 0, 0, 10, 10, 1, 36.60%, 5, 0, 2, 1.23, 12284, 97, 4079, 0
6073, 0, 0, 10, 10, 1, 36.60%, 5, 0, 2, 1.47, 12293, 97, 4088, 0
6079, 0, 0, 10, 10, 1, 36.60%, 5, 0, 2, 2.05, 12305, 97, 4095, 0
6084, 0, 0, 10, 10, 1, 36.60%, 5, 0, 2, 1.83, 12313, 97, 4103, 0
6089, 0, 0, 10, 10, 1, 36.60%, 5, 0, 2, 1.73, 12321, 97, 4111, 0
6095, 0, 0, 10, 10, 1, 36.60%, 5, 0, 2, 1.62, 12329, 97, 4119, 0
6101, 0, 0, 10, 10, 1, 36.60%, 5, 0, 2, 1.66, 12338, 97, 4128, 0
6106, 0, 0, 10, 10, 1, 36.60%, 5, 0, 2, 1.62, 12346, 97, 4136, 0
6111, 0, 0, 10, 10, 1, 36.60%, 5, 0, 2, 1.58, 12354, 97, 4144, 0
6117, 0, 0, 10, 10, 1, 36.60%, 5, 0, 2, 1.49, 12361, 97, 4151, 0
6122, 0, 0, 10, 10, 1, 36.60%, 5, 0, 2, 1.51, 12369, 97, 4159, 0
6127, 0, 0, 10, 10, 1, 36.60%, 5, 0, 2, 1.53, 12377, 97, 4167, 0
6133, 0, 0, 10, 10, 1, 36.60%, 5, 0, 2, 1.60, 12386, 97, 4176, 0
6138, 0, 0, 10, 10, 1, 36.60%, 5, 0, 2, 1.54, 12393, 97, 4183, 0
6144, 0, 0, 10, 10, 1, 36.60%, 5, 0, 2, 1.50, 12401, 97, 4191, 0
6149, 0, 0, 10, 10, 1, 36.60%, 5, 0, 2, 1.49, 12409, 97, 4199, 0
6155, 0, 0, 10, 10, 1, 36.60%, 5, 0, 2, 1.48, 12417, 97, 4207, 0
6160, 0, 0, 10, 10, 1, 36.60%, 5, 0, 2, 1.54, 12425, 97, 4215, 0
6165, 0, 0, 10, 10, 1, 36.60%, 5, 0, 2, 8.34, 12437, 97, 4221, 0
6170, 0, 0, 10, 10, 1, 36.60%, 5, 0, 2, 8.32, 12479, 97, 4221, 0
6176, 0, 0, 10, 10, 1, 36.60%, 5, 0, 2, 7.71, 12519, 97, 4223, 0
6181, 0, 0, 10, 10, 1, 36.60%, 5, 0, 2, 5.12, 12528, 97, 4232, 0
6186, 0, 0, 10, 10, 1, 36.60%, 5, 0, 2, 3.57, 12538, 97, 4242, 0
6191, 0, 0, 10, 10, 1, 36.60%, 5, 0, 2, 2.79, 12546, 97, 4250, 0
6197, 0, 0, 10, 10, 1, 36.60%, 5, 0, 2, 2.31, 12554, 97, 4258, 0
6202, 0, 0, 10, 10, 1, 36.60%, 5, 0, 2, 2.03, 12562, 97, 4266, 0
6207, 0, 0, 10, 10, 1, 36.60%, 5, 0, 2, 1.85, 12570, 97, 4274, 0
6212, 0, 0, 10, 10, 1, 36.60%, 5, 0, 2, 1.74, 12578, 97, 4282, 0
6217, 0, 0, 10, 10, 1, 36.60%, 5, 0, 2, 1.76, 12587, 97, 4291, 0
6222, 0, 0, 10, 10, 1, 36.60%, 5, 0, 2, 1.70, 12595, 97, 4299, 0
6227, 0, 0, 10, 10, 1, 36.60%, 5, 0, 2, 1.66, 12603, 97, 4307, 0
6232, 0, 0, 10, 10, 1, 36.60%, 5, 0, 2, 1.63, 12611, 97, 4315, 0
6238, 0, 0, 10, 10, 1, 36.60%, 5, 0, 2, 1.66, 12620, 97, 4324, 0
6243, 0, 0, 10, 10, 1, 36.60%, 5, 0, 2, 1.73, 12629, 97, 4333, 0
6249, 0, 0, 10, 10, 1, 36.60%, 5, 0, 2, 1.65, 12637, 97, 4341, 0
6254, 0, 0, 10, 10, 1, 36.60%, 5, 0, 2, 1.57, 12644, 97, 4348, 0
6265, 0, 0, 10, 10, 1, 36.60%, 5, 0, 2, 0.14, 12658, 97, 4355, 0
6270, 0, 0, 10, 10, 1, 36.60%, 5, 0, 2, 2.04, 12663, 97, 4360, 0
6276, 0, 0, 10, 10, 1, 36.60%, 5, 0, 2, 1.77, 12670, 97, 4367, 0
6281, 0, 0, 10, 10, 1, 36.60%, 5, 0, 2, 1.64, 12677, 97, 4374, 0
6286, 0, 0, 10, 10, 1, 36.60%, 5, 0, 2, 1.72, 12687, 97, 4384, 0
6291, 0, 0, 10, 10, 1, 36.60%, 5, 0, 2, 2.85, 12700, 97, 4390, 0
6297, 0, 0, 10, 10, 1, 36.60%, 5, 0, 2, 4.07, 12723, 97, 4396, 0
6302, 0, 0, 10, 10, 1, 36.60%, 5, 0, 2, 3.03, 12733, 97, 4406, 0
6308, 0, 0, 10, 10, 1, 36.60%, 5, 0, 2, 2.48, 12743, 97, 4416, 0
6313, 0, 0, 10, 10, 1, 36.60%, 5, 0, 2, 2.61, 12754, 97, 4425, 0
6319, 0, 0, 10, 10, 1, 36.60%, 5, 0, 2, 3.02, 12771, 97, 4434, 0
6324, 0, 0, 10, 10, 1, 36.60%, 5, 0, 2, 2.42, 12780, 97, 4443, 0
6330, 0, 0, 10, 10, 1, 36.60%, 5, 0, 2, 2.08, 12789, 97, 4452, 0
6335, 0, 0, 10, 10, 1, 36.60%, 5, 0, 2, 1.82, 12797, 97, 4460, 0
6347, 0, 0, 10, 10, 1, 36.60%, 5, 0, 2, 0.28, 12824, 97, 4464, 0
6354, 0, 0, 10, 10, 1, 36.60%, 5, 0, 2, 0.28, 12825, 97, 4465, 0
6359, 0, 0, 10, 10, 1, 36.60%, 5, 0, 2, 1.41, 12829, 97, 4469, 0
6365, 0, 0, 10, 10, 1, 36.60%, 5, 0, 2, 1.41, 12836, 97, 4476, 0
6370, 0, 0, 10, 10, 1, 36.60%, 5, 0, 2, 1.59, 12845, 97, 4485, 0
6375, 0, 0, 10, 10, 1, 36.60%, 5, 0, 2, 1.59, 12853, 97, 4493, 0
6380, 0, 0, 10, 10, 1, 36.60%, 5, 0, 2, 3.02, 12869, 97, 4500, 0
6385, 0, 0, 10, 10, 1, 36.60%, 5, 0, 2, 2.57, 12880, 97, 4510, 0
6390, 0, 0, 10, 10, 1, 36.60%, 5, 0, 2, 2.22, 12889, 97, 4519, 0
6396, 0, 0, 10, 10, 1, 36.60%, 5, 0, 2, 2.00, 12898, 97, 4528, 0
6401, 0, 0, 10, 10, 1, 36.60%, 5, 0, 2, 1.85, 12906, 97, 4536, 0
6406, 0, 0, 10, 10, 1, 36.60%, 5, 0, 2, 1.68, 12913, 97, 4543, 0
6411, 0, 0, 10, 10, 1, 36.60%, 5, 0, 2, 1.58, 12920, 97, 4550, 0
6417, 0, 0, 10, 10, 1, 36.60%, 5, 0, 2, 1.51, 12928, 97, 4558, 0
6422, 0, 0, 10, 10, 1, 36.60%, 5, 0, 2, 1.45, 12935, 97, 4565, 0
6428, 0, 0, 10, 10, 1, 36.60%, 5, 0, 2, 1.43, 12943, 97, 4573, 0
6433, 0, 0, 10, 10, 1, 36.60%, 5, 0, 2, 1.48, 12951, 97, 4581, 0
6438, 0, 0, 10, 10, 1, 36.60%, 5, 0, 2, 1.50, 12959, 97, 4589, 0
6444, 0, 0, 10, 10, 1, 36.60%, 5, 0, 2, 1.60, 12968, 97, 4598, 0
6449, 0, 0, 10, 10, 1, 36.60%, 5, 0, 2, 1.68, 12977, 97, 4607, 0
6454, 0, 0, 10, 10, 1, 36.60%, 5, 0, 2, 1.77, 12987, 97, 4617, 0
6459, 0, 0, 10, 10, 1, 36.60%, 5, 0, 2, 1.80, 12996, 97, 4626, 0
6464, 0, 0, 10, 10, 1, 36.60%, 5, 0, 2, 4.46, 13018, 97, 4632, 0
6469, 0, 0, 10, 10, 1, 36.60%, 5, 0, 2, 7.32, 13060, 97, 4632, 0
6481, 0, 0, 10, 10, 1, 36.60%, 5, 0, 2, 0.14, 13095, 97, 4633, 0
6489, 0, 0, 10, 10, 1, 36.60%, 5, 0, 2, 0.16, 13097, 97, 4634, 0
6496, 0, 0, 10, 10, 1, 36.60%, 5, 0, 2, 0.16, 13098, 97, 4635, 0
6501, 0, 0, 10, 10, 1, 36.60%, 5, 0, 2, 1.43, 13103, 97, 4640, 0
6506, 0, 0, 10, 10, 1, 36.60%, 5, 0, 2, 1.42, 13110, 97, 4647, 0
6511, 0, 0, 10, 10, 1, 36.60%, 5, 0, 2, 1.42, 13117, 97, 4654, 0
6517, 0, 0, 10, 10, 1, 36.60%, 5, 0, 2, 1.55, 13126, 97, 4663, 0
6522, 0, 0, 10, 10, 1, 36.60%, 5, 0, 2, 1.61, 13135, 97, 4672, 0
6527, 0, 0, 10, 10, 1, 36.60%, 5, 0, 2, 1.69, 13144, 97, 4681, 0
6533, 0, 0, 10, 10, 1, 36.60%, 5, 0, 2, 1.72, 13153, 97, 4690, 0
6538, 0, 0, 10, 10, 1, 36.60%, 5, 0, 2, 1.73, 13162, 97, 4699, 0
6544, 0, 0, 10, 10, 1, 36.60%, 5, 0, 2, 1.71, 13171, 97, 4708, 0
6549, 0, 0, 10, 10, 1, 36.60%, 5, 0, 2, 1.67, 13179, 97, 4716, 0
6554, 0, 0, 10, 10, 1, 36.60%, 5, 0, 2, 1.64, 13187, 97, 4724, 0
6559, 0, 0, 10, 10, 1, 36.60%, 5, 0, 2, 1.73, 13196, 97, 4733, 0
6564, 0, 0, 10, 10, 1, 36.60%, 5, 0, 2, 1.70, 13204, 97, 4741, 0
6569, 0, 0, 10, 10, 1, 36.60%, 5, 0, 2, 1.63, 13212, 97, 4749, 0
6575, 0, 0, 10, 10, 1, 36.60%, 5, 0, 2, 1.57, 13220, 97, 4757, 0
6580, 0, 0, 10, 10, 1, 36.60%, 5, 0, 2, 2.86, 13234, 97, 4764, 0
6588, 0, 0, 10, 10, 1, 36.60%, 5, 0, 2, 0.15, 13237, 97, 4767, 0
6593, 0, 0, 10, 10, 1, 36.60%, 5, 0, 2, 2.21, 13243, 97, 4773, 0
6598, 0, 0, 10, 10, 1, 36.60%, 5, 0, 2, 2.00, 13252, 97, 4782, 0
6604, 0, 0, 10, 10, 1, 36.60%, 5, 0, 2, 1.88, 13262, 97, 4792, 0
6609, 0, 0, 10, 10, 1, 36.60%, 5, 0, 2, 1.79, 13271, 97, 4801, 0
6618, 0, 0, 10, 10, 1, 36.60%, 5, 0, 2, 0.28, 13277, 97, 4803, 0
6627, 0, 0, 10, 10, 1, 36.60%, 5, 0, 2, 0.17, 13281, 97, 4804, 0
6635, 0, 0, 10, 10, 1, 36.60%, 5, 0, 2, 0.19, 13284, 97, 4805, 0
6645, 0, 0, 10, 10, 1, 36.60%, 5, 0, 2, 0.20, 13286, 97, 4806, 0
6652, 0, 0, 10, 10, 1, 36.60%, 5, 0, 2, 0.19, 13287, 97, 4807, 0
6658, 0, 0, 10, 10, 1, 36.60%, 5, 0, 2, 1.09, 13290, 97, 4810, 0
6663, 0, 0, 10, 10, 1, 36.60%, 5, 0, 2, 1.27, 13298, 97, 4818, 0
6669, 0, 0, 10, 10, 1, 36.60%, 5, 0, 2, 1.54, 13308, 97, 4828, 0
6674, 0, 0, 10, 10, 1, 36.60%, 5, 0, 2, 1.66, 13318, 97, 4838, 0
6679, 0, 0, 10, 10, 1, 36.60%, 5, 0, 2, 2.30, 13331, 97, 4846, 0
6685, 0, 0, 10, 10, 1, 36.60%, 5, 0, 2, 1.99, 13339, 97, 4854, 0
6690, 0, 0, 10, 10, 1, 36.60%, 5, 0, 2, 1.90, 13349, 97, 4864, 0
6696, 0, 0, 10, 10, 1, 36.60%, 5, 0, 2, 1.77, 13357, 97, 4872, 0
6706, 0, 0, 10, 10, 1, 36.60%, 5, 0, 2, 0.28, 13375, 97, 4875, 0
6714, 0, 0, 10, 10, 1, 36.60%, 5, 0, 2, 0.17, 13379, 97, 4876, 0
6723, 0, 0, 10, 10, 1, 36.60%, 5, 0, 2, 0.16, 13380, 97, 4877, 0
6728, 0, 0, 10, 10, 1, 36.60%, 5, 0, 2, 1.13, 13385, 97, 4882, 0
6733, 0, 0, 10, 10, 1, 36.60%, 5, 0, 2, 1.31, 13393, 97, 4890, 0
6739, 0, 0, 10, 10, 1, 36.60%, 5, 0, 2, 1.38, 13401, 97, 4898, 0
6744, 0, 0, 10, 10, 1, 36.60%, 5, 0, 2, 1.54, 13410, 97, 4907, 0
6749, 0, 0, 10, 10, 1, 36.60%, 5, 0, 2, 2.97, 13428, 97, 4915, 0
6755, 0, 0, 10, 10, 1, 36.60%, 5, 0, 2, 2.49, 13438, 97, 4925, 0
6760, 0, 0, 10, 10, 1, 36.60%, 5, 0, 2, 2.18, 13447, 97, 4934, 0
6765, 0, 0, 10, 10, 1, 36.60%, 5, 0, 2, 1.88, 13455, 97, 4942, 0
6771, 0, 0, 10, 10, 1, 36.60%, 5, 0, 2, 1.74, 13463, 97, 4950, 0
6776, 0, 0, 10, 10, 1, 36.60%, 5, 0, 2, 1.62, 13471, 97, 4958, 0
6781, 0, 0, 10, 10, 1, 36.60%, 5, 0, 2, 1.54, 13478, 97, 4965, 0
6786, 0, 0, 10, 10, 1, 36.60%, 5, 0, 2, 1.49, 13485, 97, 4972, 0
6792, 0, 0, 10, 10, 1, 36.60%, 5, 0, 2, 1.46, 13493, 97, 4980, 0
6798, 0, 0, 10, 10, 1, 36.60%, 5, 0, 2, 1.46, 13501, 97, 4988, 0
6803, 0, 0, 10, 10, 1, 36.60%, 5, 0, 2, 1.43, 13508, 97, 4995, 0
6808, 0, 0, 10, 10, 1, 36.60%, 5, 0, 2, 1.38, 13515, 97, 5002, 0
6814, 0, 0, 10, 10, 1, 36.60%, 5, 0, 2, 1.43, 13523, 97, 5010, 0
6819, 0, 0, 10, 10, 1, 36.60%, 5, 0, 2, 1.47, 13531, 97, 5018, 0
6824, 0, 0, 10, 10, 1, 36.60%, 5, 0, 2, 1.45, 13538, 97, 5025, 0
6830, 0, 0, 10, 10, 1, 36.60%, 5, 0, 2, 1.46, 13546, 97, 5033, 0
6835, 0, 0, 10, 10, 1, 36.60%, 5, 0, 2, 1.42, 13553, 97, 5040, 0
6840, 0, 0, 10, 10, 1, 36.60%, 5, 0, 2, 7.99, 13577, 97, 5044, 0
6845, 0, 0, 10, 10, 1, 36.60%, 5, 0, 2, 7.97, 13617, 97, 5044, 0
6857, 0, 0, 10, 10, 1, 36.60%, 5, 0, 2, 0.25, 13647, 97, 5045, 0
6864, 0, 0, 10, 10, 1, 36.60%, 5, 0, 2, 0.24, 13648, 97, 5046, 0
6869, 0, 0, 10, 10, 1, 36.60%, 5, 0, 2, 1.35, 13653, 97, 5051, 0
6875, 0, 0, 10, 10, 1, 36.60%, 5, 0, 2, 1.41, 13661, 97, 5059, 0
6880, 0, 0, 10, 10, 1, 36.60%, 5, 0, 2, 1.43, 13669, 97, 5067, 0
6885, 0, 0, 10, 10, 1, 36.60%, 5, 0, 2, 1.41, 13676, 97, 5074, 0
6891, 0, 0, 10, 10, 1, 36.60%, 5, 0, 2, 1.48, 13684, 97, 5082, 0
6896, 0, 0, 10, 10, 1, 36.60%, 5, 0, 2, 1.54, 13692, 97, 5090, 0
6901, 0, 0, 10, 10, 1, 36.60%, 5, 0, 2, 1.59, 13701, 97, 5099, 0
6906, 0, 0, 10, 10, 1, 36.60%, 5, 0, 2, 1.69, 13710, 97, 5108, 0
6912, 0, 0, 10, 10, 1, 36.60%, 5, 0, 2, 1.70, 13719, 97, 5117, 0
6917, 0, 0, 10, 10, 1, 36.60%, 5, 0, 2, 1.77, 13729, 97, 5127, 0
6922, 0, 0, 10, 10, 1, 36.60%, 5, 0, 2, 1.64, 13736, 97, 5134, 0
6928, 0, 0, 10, 10, 1, 36.60%, 5, 0, 2, 1.63, 13744, 97, 5142, 0
6933, 0, 0, 10, 10, 1, 36.60%, 5, 0, 2, 1.65, 13753, 97, 5151, 0
6939, 0, 0, 10, 10, 1, 36.60%, 5, 0, 2, 1.58, 13761, 97, 5159, 0
6944, 0, 0, 10, 10, 1, 36.60%, 5, 0, 2, 1.61, 13770, 97, 5168, 0
6950, 0, 0, 10, 10, 1, 36.60%, 5, 0, 2, 1.56, 13778, 97, 5175, 0
6958, 0, 0, 10, 10, 1, 36.60%, 5, 0, 2, 0.27, 13784, 97, 5176, 0
6964, 0, 0, 10, 10, 1, 36.60%, 5, 0, 2, 0.27, 13785, 97, 5176, 0
6973, 0, 0, 10, 10, 1, 36.60%, 5, 0, 2, 0.13, 13790, 97, 5177, 0
6982, 0, 0, 10, 10, 1, 36.60%, 5, 0, 2, 0.33, 13795, 97, 5178, 0
6992, 0, 0, 10, 10, 1, 36.60%, 5, 0, 2, 0.16, 13799, 97, 5179, 0
7000, 0, 0, 10, 10, 1, 36.60%, 5, 0, 2, 0.19, 13802, 97, 5180, 0
7009, 0, 0, 10, 10, 1, 36.60%, 5, 0, 2, 0.20, 13804, 97, 5181, 0
7016, 0, 0, 10, 10, 1, 36.60%, 5, 0, 2, 0.20, 13805, 97, 5182, 0
7024, 0, 0, 10, 10, 1, 36.60%, 5, 0, 2, 0.21, 13807, 97, 5184, 0
7034, 0, 0, 10, 10, 1, 36.60%, 5, 0, 2, 0.20, 13808, 97, 5185, 0
7040, 0, 0, 10, 10, 1, 36.60%, 5, 0, 2, 1.34, 13813, 97, 5190, 0
7046, 0, 0, 10, 10, 1, 36.60%, 5, 0, 2, 1.37, 13821, 97, 5198, 0
7051, 0, 0, 10, 10, 1, 36.60%, 5, 0, 2, 1.42, 13829, 97, 5206, 0
7057, 0, 0, 10, 10, 1, 36.60%, 5, 0, 2, 1.45, 13837, 97, 5214, 0
7067, 0, 0, 10, 10, 1, 36.60%, 5, 0, 2, 0.28, 13846, 97, 5219, 0
7076, 0, 0, 10, 10, 1, 36.60%, 5, 0, 2, 0.16, 13850, 97, 5220, 0
7085, 0, 0, 10, 10, 1, 36.60%, 5, 0, 2, 0.18, 13853, 97, 5221, 0
7094, 0, 0, 10, 10, 1, 36.60%, 5, 0, 2, 0.19, 13855, 97, 5222, 0
7101, 0, 0, 10, 10, 1, 36.60%, 5, 0, 2, 0.19, 13856, 97, 5223, 0
7106, 0, 0, 10, 10, 1, 36.60%, 5, 0, 2, 1.84, 13861, 97, 5228, 0
7111, 0, 0, 10, 10, 1, 36.60%, 5, 0, 2, 1.70, 13869, 97, 5236, 0
7116, 0, 0, 10, 10, 1, 36.60%, 5, 0, 2, 1.59, 13876, 97, 5243, 0
7122, 0, 0, 10, 10, 1, 36.60%, 5, 0, 2, 1.50, 13884, 97, 5251, 0
7135, 0, 0, 10, 10, 1, 36.60%, 5, 0, 2, 0.12, 13895, 97, 5257, 0
7145, 0, 0, 10, 10, 1, 36.60%, 5, 0, 2, 0.12, 13896, 97, 5258, 0
7151, 0, 0, 10, 10, 1, 36.60%, 5, 0, 2, 1.10, 13902, 97, 5264, 0
7156, 0, 0, 10, 10, 1, 36.60%, 5, 0, 2, 1.26, 13910, 97, 5272, 0
7162, 0, 0, 10, 10, 1, 36.60%, 5, 0, 2, 1.34, 13918, 97, 5280, 0
7167, 0, 0, 10, 10, 1, 36.60%, 5, 0, 2, 1.54, 13927, 97, 5289, 0
7176, 0, 0, 10, 10, 1, 36.60%, 5, 0, 2, 0.28, 13934, 97, 5292, 0
7184, 0, 0, 10, 10, 1, 36.60%, 5, 0, 2, 0.16, 13938, 97, 5293, 0
7191, 0, 0, 10, 10, 1, 36.60%, 5, 0, 2, 0.16, 13939, 97, 5293, 0
7198, 0, 0, 10, 10, 1, 36.60%, 5, 0, 2, 0.17, 13941, 97, 5294, 0
7205, 0, 0, 10, 10, 1, 36.60%, 5, 0, 2, 0.20, 13943, 97, 5295, 0
7213, 0, 0, 10, 10, 1, 36.60%, 5, 0, 2, 0.19, 13944, 97, 5296, 0
7218, 0, 0, 10, 10, 1, 36.60%, 5, 0, 2, 1.15, 13949, 97, 5301, 0
7223, 0, 0, 10, 10, 1, 36.60%, 5, 0, 2, 1.31, 13957, 97, 5309, 0
7228, 0, 0, 10, 10, 1, 36.60%, 5, 0, 2, 1.44, 13965, 97, 5317, 0
7234, 0, 0, 10, 10, 1, 36.60%, 5, 0, 2, 1.47, 13973, 97, 5325, 0
7245, 0, 0, 10, 10, 1, 36.60%, 5, 0, 2, 0.14, 13983, 97, 5330, 0
7252, 0, 0, 10, 10, 1, 36.60%, 5, 0, 2, 0.14, 13984, 97, 5331, 0
7258, 0, 0, 10, 10, 1, 36.60%, 5, 0, 2, 1.58, 13989, 97, 5336, 0
7263, 0, 0, 10, 10, 1, 36.60%, 5, 0, 2, 1.57, 13997, 97, 5344, 0
7268, 0, 0, 10, 10, 1, 36.60%, 5, 0, 2, 1.54, 14005, 97, 5352, 0
7274, 0, 0, 10, 10, 1, 36.60%, 5, 0, 2, 1.56, 14013, 97, 5360, 0
7279, 0, 0, 10, 10, 1, 36.60%, 5, 0, 2, 1.50, 14020, 97, 5367, 0
7284, 0, 0, 10, 10, 1, 36.60%, 5, 0, 2, 1.50, 14028, 97, 5375, 0
7290, 0, 0, 10, 10, 1, 36.60%, 5, 0, 2, 1.50, 14036, 97, 5383, 0
7296, 0, 0, 10, 10, 1, 36.60%, 5, 0, 2, 1.53, 14045, 97, 5392, 0
7301, 0, 0, 10, 10, 1, 36.60%, 5, 0, 2, 1.56, 14053, 97, 5400, 0
7306, 0, 0, 10, 10, 1, 36.60%, 5, 0, 2, 1.54, 14061, 97, 5408, 0
7311, 0, 0, 10, 10, 1, 36.60%, 5, 0, 2, 1.50, 14068, 97, 5415, 0
7316, 0, 0, 10, 10, 1, 36.60%, 5, 0, 2, 1.46, 14075, 97, 5422, 0
7321, 0, 0, 10, 10, 1, 36.60%, 5, 0, 2, 1.52, 14083, 97, 5430, 0
7327, 0, 0, 10, 10, 1, 36.60%, 5, 0, 2, 1.61, 14092, 97, 5439, 0
7332, 0, 0, 10, 10, 1, 36.60%, 5, 0, 2, 1.60, 14100, 97, 5447, 0
7337, 0, 0, 10, 10, 1, 36.60%, 5, 0, 2, 1.57, 14108, 97, 5455, 0
7342, 0, 0, 10, 10, 1, 36.60%, 5, 0, 2, 4.47, 14131, 97, 5459, 0
7350, 0, 0, 10, 10, 1, 36.60%, 5, 0, 2, 0.14, 14136, 97, 5460, 0
7358, 0, 0, 10, 10, 1, 36.60%, 5, 0, 2, 0.14, 14137, 97, 5461, 0
7363, 0, 0, 10, 10, 1, 36.60%, 5, 0, 2, 1.03, 14142, 97, 5466, 0
7369, 0, 0, 10, 10, 1, 36.60%, 5, 0, 2, 1.23, 14150, 97, 5474, 0
7374, 0, 0, 10, 10, 1, 36.60%, 5, 0, 2, 1.31, 14158, 97, 5482, 0
7379, 0, 0, 10, 10, 1, 36.60%, 5, 0, 2, 1.35, 14165, 97, 5489, 0
7385, 0, 0, 10, 10, 1, 36.60%, 5, 0, 2, 1.50, 14174, 97, 5498, 0
7390, 0, 0, 10, 10, 1, 36.60%, 5, 0, 2, 1.48, 14182, 97, 5506, 0
7395, 0, 0, 10, 10, 1, 36.60%, 5, 0, 2, 1.61, 14191, 97, 5515, 0
7401, 0, 0, 10, 10, 1, 36.60%, 5, 0, 2, 1.61, 14199, 97, 5523, 0
7406, 0, 0, 10, 10, 1, 36.60%, 5, 0, 2, 1.59, 14207, 97, 5531, 0
7411, 0, 0, 10, 10, 1, 36.60%, 5, 0, 2, 1.55, 14215, 97, 5539, 0
7416, 0, 0, 10, 10, 1, 36.60%, 5, 0, 2, 1.51, 14222, 97, 5546, 0
7422, 0, 0, 10, 10, 1, 36.60%, 5, 0, 2, 1.53, 14230, 97, 5554, 0
7427, 0, 0, 10, 10, 1, 36.60%, 5, 0, 2, 1.52, 14238, 97, 5562, 0
7432, 0, 0, 10, 10, 1, 36.60%, 5, 0, 2, 1.56, 14246, 97, 5570, 0
7437, 0, 0, 10, 10, 1, 36.60%, 5, 0, 2, 1.56, 14254, 97, 5578, 0
7443, 0, 0, 10, 10, 1, 36.60%, 5, 0, 2, 1.64, 14263, 97, 5587, 0
7453, 0, 0, 10, 10, 1, 36.60%, 5, 0, 2, 0.28, 14273, 97, 5591, 0
7462, 0, 0, 10, 10, 1, 36.60%, 5, 0, 2, 0.31, 14279, 97, 5592, 0
7473, 0, 0, 10, 10, 1, 36.60%, 5, 0, 2, 0.31, 14284, 97, 5593, 0
7482, 0, 0, 10, 10, 1, 36.60%, 5, 0, 2, 0.14, 14288, 97, 5594, 0
7491, 0, 0, 10, 10, 1, 36.60%, 5, 0, 2, 0.17, 14291, 97, 5595, 0
7499, 0, 0, 10, 10, 1, 36.60%, 5, 0, 2, 0.19, 14293, 97, 5596, 0
7506, 0, 0, 10, 10, 1, 36.60%, 5, 0, 2, 0.19, 14294, 97, 5597, 0
7514, 0, 0, 10, 10, 1, 36.60%, 5, 0, 2, 0.20, 14296, 97, 5599, 0
7519, 0, 0, 10, 10, 1, 36.60%, 5, 0, 2, 1.43, 14301, 97, 5604, 0
7524, 0, 0, 10, 10, 1, 36.60%, 5, 0, 2, 1.59, 14310, 97, 5613, 0
7530, 0, 0, 10, 10, 1, 36.60%, 5, 0, 2, 1.64, 14319, 97, 5622, 0
7535, 0, 0, 10, 10, 1, 36.60%, 5, 0, 2, 1.81, 14329, 97, 5632, 0
7540, 0, 0, 10, 10, 1, 36.60%, 5, 0, 2, 1.75, 14337, 97, 5640, 0
7545, 0, 0, 10, 10, 1, 36.60%, 5, 0, 2, 1.73, 14346, 97, 5649, 0
7550, 0, 0, 10, 10, 1, 36.60%, 5, 0, 2, 1.66, 14354, 97, 5657, 0
7556, 0, 0, 10, 10, 1, 36.60%, 5, 0, 2, 1.82, 14364, 97, 5667, 0
7561, 0, 0, 10, 10, 1, 36.60%, 5, 0, 2, 1.75, 14372, 97, 5675, 0
7566, 0, 0, 10, 10, 1, 36.60%, 5, 0, 2, 1.72, 14381, 97, 5684, 0
7571, 0, 0, 10, 10, 1, 36.60%, 5, 0, 2, 1.68, 14389, 97, 5692, 0
7576, 0, 0, 10, 10, 1, 36.60%, 5, 0, 2, 1.63, 14397, 97, 5700, 0
7582, 0, 0, 10, 10, 1, 36.60%, 5, 0, 2, 1.67, 14406, 97, 5709, 0
7587, 0, 0, 10, 10, 1, 36.60%, 5, 0, 2, 1.70, 14415, 97, 5718, 0
7592, 0, 0, 10, 10, 1, 36.60%, 5, 0, 2, 1.74, 14424, 97, 5727, 0
7597, 0, 0, 10, 10, 1, 36.60%, 5, 0, 2, 1.70, 14433, 97, 5736, 0
7603, 0, 0, 10, 10, 1, 36.60%, 5, 0, 2, 1.70, 14442, 97, 5745, 0
7608, 0, 0, 10, 10, 1, 36.60%, 5, 0, 2, 1.71, 14451, 97, 5754, 0
7614, 0, 0, 10, 10, 1, 36.60%, 5, 0, 2, 1.68, 14460, 97, 5763, 0
7619, 0, 0, 10, 10, 1, 36.60%, 5, 0, 2, 1.73, 14469, 97, 5772, 0
7625, 0, 0, 10, 10, 1, 36.60%, 5, 0, 2, 1.63, 14477, 97, 5780, 0
7630, 0, 0, 10, 10, 1, 36.60%, 5, 0, 2, 1.57, 14485, 97, 5788, 0
7635, 0, 0, 10, 10, 1, 36.60%, 5, 0, 2, 1.55, 14493, 97, 5796, 0
7641, 0, 0, 10, 10, 1, 36.60%, 5, 0, 2, 1.53, 14501, 97, 5804, 0
7646, 0, 0, 10, 10, 1, 36.60%, 5, 0, 2, 1.64, 14510, 97, 5813, 0
7651, 0, 0, 10, 10, 1, 36.60%, 5, 0, 2, 1.62, 14518, 97, 5821, 0
7657, 0, 0, 10, 10, 1, 36.60%, 5, 0, 2, 1.74, 14528, 97, 5831, 0
7662, 0, 0, 10, 10, 1, 36.60%, 5, 0, 2, 1.75, 14537, 97, 5840, 0
7667, 0, 0, 10, 10, 1, 36.60%, 5, 0, 2, 1.81, 14546, 97, 5849, 0
7672, 0, 0, 10, 10, 1, 36.60%, 5, 0, 2, 2.22, 14557, 97, 5857, 0
7677, 0, 0, 10, 10, 1, 36.60%, 5, 0, 2, 6.56, 14599, 97, 5857, 0
7682, 0, 0, 10, 10, 1, 36.60%, 5, 0, 2, 7.81, 14641, 97, 5857, 0
7687, 0, 0, 10, 10, 1, 36.60%, 5, 0, 2, 8.13, 14683, 97, 5857, 0
7693, 0, 0, 10, 10, 1, 36.60%, 5, 0, 2, 8.09, 14725, 97, 5857, 0
7701, 0, 0, 10, 10, 1, 36.60%, 5, 0, 2, 0.14, 14736, 97, 5858, 0
7711, 0, 0, 10, 10, 1, 36.60%, 5, 0, 2, 0.13, 14737, 97, 5859, 0
7716, 0, 0, 10, 10, 1, 36.60%, 5, 0, 2, 1.28, 14743, 97, 5865, 0
7721, 0, 0, 10, 10, 1, 36.60%, 5, 0, 2, 1.50, 14752, 97, 5874, 0
7727, 0, 0, 10, 10, 1, 36.60%, 5, 0, 2, 1.51, 14760, 97, 5882, 0
7732, 0, 0, 10, 10, 1, 36.60%, 5, 0, 2, 1.58, 14769, 97, 5891, 0
7737, 0, 0, 10, 10, 1, 36.60%, 5, 0, 2, 1.51, 14776, 97, 5898, 0
7743, 0, 0, 10, 10, 1, 36.60%, 5, 0, 2, 1.61, 14785, 97, 5907, 0
7748, 0, 0, 10, 10, 1, 36.60%, 5, 0, 2, 1.68, 14794, 97, 5916, 0
7753, 0, 0, 10, 10, 1, 36.60%, 5, 0, 2, 1.66, 14803, 97, 5925, 0
7759, 0, 0, 10, 10, 1, 36.60%, 5, 0, 2, 1.70, 14812, 97, 5934, 0
7764, 0, 0, 10, 10, 1, 36.60%, 5, 0, 2, 1.76, 14821, 97, 5943, 0
7769, 0, 0, 10, 10, 1, 36.60%, 5, 0, 2, 1.76, 14830, 97, 5952, 0
7774, 0, 0, 10, 10, 1, 36.60%, 5, 0, 2, 1.76, 14839, 97, 5961, 0
7779, 0, 0, 10, 10, 1, 36.60%, 5, 0, 2, 1.71, 14847, 97, 5969, 0
7785, 0, 0, 10, 10, 1, 36.60%, 5, 0, 2, 1.74, 14856, 97, 5978, 0
7790, 0, 0, 10, 10, 1, 36.60%, 5, 0, 2, 1.68, 14864, 97, 5986, 0
7795, 0, 0, 10, 10, 1, 36.60%, 5, 0, 2, 1.66, 14872, 97, 5994, 0
7800, 0, 0, 10, 10, 1, 36.60%, 5, 0, 2, 1.70, 14881, 97, 6003, 0
7805, 0, 0, 10, 10, 1, 36.60%, 5, 0, 2, 1.64, 14889, 97, 6011, 0
7811, 0, 0, 10, 10, 1, 36.60%, 5, 0, 2, 1.77, 14899, 97, 6021, 0
7816, 0, 0, 10, 10, 1, 36.60%, 5, 0, 2, 1.79, 14908, 97, 6030, 0
7821, 0, 0, 10, 10, 1, 36.60%, 5, 0, 2, 1.82, 14917, 97, 6039, 0
7826, 0, 0, 10, 10, 1, 36.60%, 5, 0, 2, 1.81, 14926, 97, 6048, 0
7831, 0, 0, 10, 10, 1, 36.60%, 5, 0, 2, 1.75, 14935, 97, 6057, 0
7837, 0, 0, 10, 10, 1, 36.60%, 5, 0, 2, 1.66, 14943, 97, 6065, 0
7842, 0, 0, 10, 10, 1, 36.60%, 5, 0, 2, 1.65, 14952, 97, 6074, 0
7848, 0, 0, 10, 10, 1, 36.60%, 5, 0, 2, 1.58, 14960, 97, 6082, 0
7853, 0, 0, 10, 10, 1, 36.60%, 5, 0, 2, 1.64, 14969, 97, 6091, 0
7859, 0, 0, 10, 10, 1, 36.60%, 5, 0, 2, 1.66, 14978, 97, 6100, 0
7864, 0, 0, 10, 10, 1, 36.60%, 5, 0, 2, 1.78, 14988, 97, 6110, 0
7876, 0, 0, 10, 10, 1, 36.60%, 5, 0, 2, 0.14, 15002, 97, 6117, 0
7886, 0, 0, 10, 10, 1, 36.60%, 5, 0, 2, 0.27, 15009, 97, 6118, 0
7895, 0, 0, 10, 10, 1, 36.60%, 5, 0, 2, 0.15, 15015, 97, 6119, 0
7903, 0, 0, 10, 10, 1, 36.60%, 5, 0, 2, 0.32, 15020, 97, 6120, 0
7911, 0, 0, 10, 10, 1, 36.60%, 5, 0, 2, 0.17, 15024, 97, 6121, 0
7920, 0, 0, 10, 10, 1, 36.60%, 5, 0, 2, 0.19, 15027, 97, 6122, 0
7928, 0, 0, 10, 10, 1, 36.60%, 5, 0, 2, 0.22, 15029, 97, 6123, 0
7935, 0, 0, 10, 10, 1, 36.60%, 5, 0, 2, 0.21, 15030, 97, 6124, 0
7940, 0, 0, 10, 10, 1, 36.60%, 5, 0, 2, 1.37, 15036, 97, 6130, 0
7945, 0, 0, 10, 10, 1, 36.60%, 5, 0, 2, 1.57, 15045, 97, 6139, 0
7950, 0, 0, 10, 10, 1, 36.60%, 5, 0, 2, 1.74, 15055, 97, 6149, 0
7956, 0, 0, 10, 10, 1, 36.60%, 5, 0, 2, 1.83, 15065, 97, 6159, 0
7961, 0, 0, 10, 10, 1, 36.60%, 5, 0, 2, 1.89, 15075, 97, 6169, 0
7966, 0, 0, 10, 10, 1, 36.60%, 5, 0, 2, 1.83, 15084, 97, 6178, 0
7972, 0, 0, 10, 10, 1, 36.60%, 5, 0, 2, 1.74, 15093, 97, 6187, 0
7983, 0, 0, 10, 10, 1, 36.60%, 5, 0, 2, 0.28, 15110, 97, 6190, 0
7991, 0, 0, 10, 10, 1, 36.60%, 5, 0, 2, 0.16, 15114, 97, 6191, 0
7999, 0, 0, 10, 10, 1, 36.60%, 5, 0, 2, 0.19, 15117, 97, 6192, 0
8007, 0, 0, 10, 10, 1, 36.60%, 5, 0, 2, 0.21, 15119, 97, 6193, 0
8016, 0, 0, 10, 10, 1, 36.60%, 5, 0, 2, 0.21, 15120, 97, 6194, 0
8022, 0, 0, 10, 10, 1, 36.60%, 5, 0, 2, 0.21, 15121, 97, 6195, 0
8027, 0, 0, 10, 10, 1, 36.60%, 5, 0, 2, 1.27, 15129, 97, 6203, 0
8032, 0, 0, 10, 10, 1, 36.60%, 5, 0, 2, 1.59, 15139, 97, 6213, 0
8038, 0, 0, 10, 10, 1, 36.60%, 5, 0, 2, 1.70, 15149, 97, 6223, 0
8043, 0, 0, 10, 10, 1, 36.60%, 5, 0, 2, 1.78, 15159, 97, 6233, 0
8048, 0, 0, 10, 10, 1, 36.60%, 5, 0, 2, 1.87, 15169, 97, 6243, 0
8054, 0, 0, 10, 10, 1, 36.60%, 5, 0, 2, 1.79, 15178, 97, 6252, 0
8066, 0, 0, 10, 10, 1, 36.60%, 5, 0, 2, 0.27, 15192, 97, 6260, 0
8074, 0, 0, 10, 10, 1, 36.60%, 5, 0, 2, 0.26, 15193, 97, 6261, 0
8079, 0, 0, 10, 10, 1, 36.60%, 5, 0, 2, 1.45, 15199, 97, 6267, 0
8084, 0, 0, 10, 10, 1, 36.60%, 5, 0, 2, 1.49, 15207, 97, 6275, 0
8090, 0, 0, 10, 10, 1, 36.60%, 5, 0, 2, 1.52, 15215, 97, 6283, 0
8095, 0, 0, 10, 10, 1, 36.60%, 5, 0, 2, 1.55, 15223, 97, 6291, 0
8100, 0, 0, 10, 10, 1, 36.60%, 5, 0, 2, 1.56, 15231, 97, 6299, 0
8105, 0, 0, 10, 10, 1, 36.60%, 5, 0, 2, 1.62, 15240, 97, 6308, 0
8110, 0, 0, 10, 10, 1, 36.60%, 5, 0, 2, 1.71, 15249, 97, 6317, 0
8115, 0, 0, 10, 10, 1, 36.60%, 5, 0, 2, 1.84, 15259, 97, 6326, 0
8124, 0, 0, 10, 10, 1, 36.60%, 5, 0, 2, 0.27, 15273, 97, 6327, 0
8133, 0, 0, 10, 10, 1, 36.60%, 5, 0, 2, 0.16, 15277, 97, 6328, 0
8141, 0, 0, 10, 10, 1, 36.60%, 5, 0, 2, 0.19, 15280, 97, 6329, 0
8149, 0, 0, 10, 10, 1, 36.60%, 5, 0, 2, 0.21, 15282, 97, 6330, 0
8156, 0, 0, 10, 10, 1, 36.60%, 5, 0, 2, 0.21, 15283, 97, 6331, 0
8162, 0, 0, 10, 10, 1, 36.60%, 5, 0, 2, 0.21, 15284, 97, 6332, 0
8167, 0, 0, 10, 10, 1, 36.60%, 5, 0, 2, 1.25, 15291, 97, 6339, 0
8172, 0, 0, 10, 10, 1, 36.60%, 5, 0, 2, 1.38, 15299, 97, 6347, 0
8177, 0, 0, 10, 10, 1, 36.60%, 5, 0, 2, 1.39, 15306, 97, 6354, 0
8181, 0, 0, 10, 10, 1, 36.60%, 5, 0, 2, 0.00, 15312, 97, 6360, 0
